# Gnuplot File : forces of 1 particle(s) Monitored
# 1st Column : time, others : particle(s) number 0 
0.01	0 -9.81 0 0 0 0	
0.02	0 -10.5346 0 0 0 -0.53015	
0.03	0 -11.2952 0 0 0 -1.18481	
0.04	0 -12.0235 0 0 0 -1.87745	
0.05	0 -12.7066 0 0 0 -2.56749	
0.06	0 -13.3402 0 0 0 -3.23178	
0.07	0 -13.9235 0 0 0 -3.85743	
0.08	0 -14.4577 0 0 0 -4.43812	
0.09	0 -14.945 0 0 0 -4.97166	
0.1	0 -15.3885 0 0 0 -5.45839	
0.11	0 -15.7911 0 0 0 -5.90015	
0.12	0 -16.1563 0 0 0 -6.29964	
0.13	0 -16.4871 0 0 0 -6.65993	
0.14	0 -16.7865 0 0 0 -6.98425	
0.15	0 -17.0575 0 0 0 -7.27577	
0.16	0 -17.3025 0 0 0 -7.53756	
0.17	0 -17.5242 0 0 0 -7.77247	
0.18	0 -17.7245 0 0 0 -7.98315	
0.19	0 -17.9057 0 0 0 -8.17204	
0.2	0 -18.0694 0 0 0 -8.34136	
0.21	0 -18.2175 0 0 0 -8.4931	
0.22	0 -18.3513 0 0 0 -8.62908	
0.23	0 -18.4723 0 0 0 -8.75094	
0.24	0 -18.5817 0 0 0 -8.86014	
0.25	0 -18.6806 0 0 0 -8.95799	
0.26	0 -18.77 0 0 0 -9.04569	
0.27	0 -18.8508 0 0 0 -9.12429	
0.28	0 -18.924 0 0 0 -9.19474	
0.29	0 -18.9901 0 0 0 -9.25789	
0.3	0 -19.0499 0 0 0 -9.3145	
0.31	0 -19.104 0 0 0 -9.36526	
0.32	0 -19.1529 0 0 0 -9.41077	
0.33	0 -19.1972 0 0 0 -9.45159	
0.34	0 -19.2372 0 0 0 -9.48819	
0.35	0 -19.2735 0 0 0 -9.52102	
0.36	0 -19.3063 0 0 0 -9.55047	
0.37	0 -19.3359 0 0 0 -9.5769	
0.38	0 -19.3628 0 0 0 -9.6006	
0.39	0 -19.3871 0 0 0 -9.62188	
0.4	0 -19.409 0 0 0 -9.64097	
0.41	0 -19.4289 0 0 0 -9.65811	
0.42	0 -19.447 0 0 0 -9.67349	
0.43	0 -19.4633 0 0 0 -9.68731	
0.44	0 -19.478 0 0 0 -9.69971	
0.45	0 -19.4914 0 0 0 -9.71084	
0.46	0 -19.5035 0 0 0 -9.72084	
0.47	0 -19.5145 0 0 0 -9.72983	
0.48	0 -19.5244 0 0 0 -9.7379	
0.49	0 -19.5334 0 0 0 -9.74515	
0.5	0 -19.5415 0 0 0 -9.75166	
0.51	0 -19.5489 0 0 0 -9.75751	
0.52	0 -19.5555 0 0 0 -9.76277	
0.53	0 -19.5616 0 0 0 -9.7675	
0.54	0 -19.5671 0 0 0 -9.77175	
0.55	0 -19.572 0 0 0 -9.77557	
0.56	0 -19.5765 0 0 0 -9.77901	
0.57	0 -19.5806 0 0 0 -9.7821	
0.58	0 -19.5843 0 0 0 -9.78488	
0.59	0 -19.5876 0 0 0 -9.78738	
0.6	0 -19.5906 0 0 0 -9.78963	
0.61	0 -19.5934 0 0 0 -9.79165	
0.62	0 -19.5958 0 0 0 -9.79352	
0.63	0 -19.5981 0 0 0 -9.7952	
0.64	0 -19.6001 0 0 0 -9.7967	
0.65	0 -19.602 0 0 0 -9.79807	
0.66	0 -19.6037 0 0 0 -9.79931	
0.67	0 -19.6051 0 0 0 -9.80042	
0.68	0 -19.6066 0 0 0 -9.80154	
0.69	0 -19.6079 0 0 0 -9.80248	
0.7	0 -19.609 0 0 0 -9.80329	
0.71	0 -19.61 0 0 0 -9.804	
0.72	0 -19.611 0 0 0 -9.80472	
0.73	0 -19.6119 0 0 0 -9.80532	
0.74	0 -19.6126 0 0 0 -9.80584	
0.75	0 -19.6133 0 0 0 -9.80636	
0.76	0 -19.614 0 0 0 -9.80687	
0.77	0 -19.6145 0 0 0 -9.80728	
0.78	0 -19.615 0 0 0 -9.80769	
0.79	0 -19.6156 0 0 0 -9.8081	
0.8	0 -19.6161 0 0 0 -9.80851	
0.81	0 -19.6165 0 0 0 -9.80879	
0.82	0 -19.6169 0 0 0 -9.80907	
0.83	0 -19.6172 0 0 0 -9.80926	
0.84	0 -19.6175 0 0 0 -9.80944	
0.85	0 -19.6179 0 0 0 -9.80962	
0.86	0 -19.6181 0 0 0 -9.80974	
0.87	0 -19.6182 0 0 0 -9.80986	
0.88	0 -19.6184 0 0 0 -9.80997	
0.89	0 -19.6186 0 0 0 -9.81009	
0.9	0 -19.6188 0 0 0 -9.81021	
0.91	0 -19.619 0 0 0 -9.81032	
0.92	0 -19.6191 0 0 0 -9.81037	
0.93	0 -19.6192 0 0 0 -9.81042	
0.94	0 -19.6192 0 0 0 -9.81047	
0.95	0 -19.6193 0 0 0 -9.81052	
0.96	0 -19.6194 0 0 0 -9.81057	
0.97	0 -19.6194 0 0 0 -9.81061	
0.98	0 -19.6195 0 0 0 -9.81066	
0.99	0 -19.6196 0 0 0 -9.81071	
1	0 -19.6196 0 0 0 -9.81076	
1.01	0 -19.6197 0 0 0 -9.81081	
1.02	0 -19.6197 0 0 0 -9.81085	
1.03	0 -19.6198 0 0 0 -9.8109	
1.04	0 -19.6199 0 0 0 -9.81095	
1.05	0 -19.6199 0 0 0 -9.811	
1.06	0 -19.62 0 0 0 -9.81105	
1.07	0 -19.6201 0 0 0 -9.8111	
1.08	0 -19.6201 0 0 0 -9.81114	
1.09	0 -19.6202 0 0 0 -9.81119	
1.1	0 -19.6203 0 0 0 -9.81124	
1.11	0 -19.6203 0 0 0 -9.81129	
1.12	0 -19.6204 0 0 0 -9.81134	
1.13	0 -19.6205 0 0 0 -9.81138	
1.14	0 -19.6205 0 0 0 -9.81143	
1.15	0 -19.6205 0 0 0 -9.81139	
1.16	0 -19.6205 0 0 0 -9.81135	
1.17	0 -19.6205 0 0 0 -9.81131	
1.18	0 -19.6205 0 0 0 -9.81127	
1.19	0 -19.6205 0 0 0 -9.81124	
1.2	0 -19.6205 0 0 0 -9.8112	
1.21	0 -19.6204 0 0 0 -9.81116	
1.22	0 -19.6204 0 0 0 -9.81112	
1.23	0 -19.6204 0 0 0 -9.81108	
1.24	0 -19.6204 0 0 0 -9.81104	
1.25	0 -19.6204 0 0 0 -9.811	
1.26	0 -19.6204 0 0 0 -9.81096	
1.27	0 -19.6204 0 0 0 -9.81092	
1.28	0 -19.6203 0 0 0 -9.81088	
1.29	0 -19.6203 0 0 0 -9.81084	
1.3	0 -19.6203 0 0 0 -9.8108	
1.31	0 -19.6203 0 0 0 -9.81076	
1.32	0 -19.6203 0 0 0 -9.81072	
1.33	0 -19.6203 0 0 0 -9.81068	
1.34	0 -19.6203 0 0 0 -9.81064	
1.35	0 -19.6203 0 0 0 -9.8106	
1.36	0 -19.6202 0 0 0 -9.81056	
1.37	0 -19.6202 0 0 0 -9.81052	
1.38	0 -19.6202 0 0 0 -9.81048	
1.39	0 -19.6202 0 0 0 -9.81045	
1.4	0 -19.6202 0 0 0 -9.81041	
1.41	0 -19.6202 0 0 0 -9.81037	
1.42	0 -19.6202 0 0 0 -9.81033	
1.43	0 -19.6201 0 0 0 -9.81029	
1.44	0 -19.6201 0 0 0 -9.81025	
1.45	0 -19.6201 0 0 0 -9.81021	
1.46	0 -19.6201 0 0 0 -9.81017	
1.47	0 -19.6201 0 0 0 -9.81013	
1.48	0 -19.6201 0 0 0 -9.81009	
1.49	0 -19.6201 0 0 0 -9.81005	
1.5	0 -19.62 0 0 0 -9.81001	
1.51	0 -19.62 0 0 0 -9.80997	
1.52	0 -19.62 0 0 0 -9.80993	
1.53	0 -19.62 0 0 0 -9.80989	
1.54	0 -19.62 0 0 0 -9.80985	
1.55	-31415.9 -19.62 0 0 0 -9.80981	
1.56	-28568.2 -19.62 0 0 0 -9.80977	
1.57	-25970.4 -19.62 0 0 0 -9.80973	
1.58	-23608.7 -19.6199 0 0 0 -9.8097	
1.59	-21461.9 -19.6199 0 0 0 -9.80966	
1.6	-19510.2 -19.6199 0 0 0 -9.80962	
1.61	-17736.1 -19.6199 0 0 0 -9.80958	
1.62	-16123.2 -19.6199 0 0 0 -9.80954	
1.63	-14657.1 -19.6199 0 0 0 -9.8095	
1.64	-13324.2 -19.6199 0 0 0 -9.80946	
1.65	-12112.6 -19.6198 0 0 0 -9.80942	
1.66	-11011.1 -19.6198 0 0 0 -9.80938	
1.67	-10009.8 -19.6198 0 0 0 -9.80935	
1.68	-9099.58 -19.6198 0 0 0 -9.80931	
1.69	-8272.11 -19.6198 0 0 0 -9.80927	
1.7	-7519.89 -19.6198 0 0 0 -9.80923	
1.71	-6836.06 -19.6197 0 0 0 -9.80919	
1.72	-6214.42 -19.6197 0 0 0 -9.80916	
1.73	-5649.32 -19.6197 0 0 0 -9.80912	
1.74	-5135.59 -19.6197 0 0 0 -9.80908	
1.75	-4668.59 -19.6197 0 0 0 -9.80904	
1.76	-4244.05 -19.6197 0 0 0 -9.80901	
1.77	-3858.12 -19.6197 0 0 0 -9.80897	
1.78	-3507.28 -19.6196 0 0 0 -9.80894	
1.79	-3188.34 -19.6196 0 0 0 -9.8089	
1.8	-2898.41 -19.6196 0 0 0 -9.80886	
1.81	-2634.84 -19.6196 0 0 0 -9.80883	
1.82	-2395.24 -19.6196 0 0 0 -9.80879	
1.83	-2177.43 -19.6196 0 0 0 -9.80876	
1.84	-1979.43 -19.6196 0 0 0 -9.80872	
1.85	-1799.43 -19.6195 0 0 0 -9.80869	
1.86	-1635.8 -19.6195 0 0 0 -9.80866	
1.87	-1487.04 -19.6195 0 0 0 -9.80862	
1.88	-1351.82 -19.6195 0 0 0 -9.80859	
1.89	-1228.89 -19.6195 0 0 0 -9.80856	
1.9	-1117.14 -19.6195 0 0 0 -9.80852	
1.91	-1015.55 -19.6195 0 0 0 -9.80849	
1.92	-923.205 -19.6195 0 0 0 -9.80846	
1.93	-839.253 -19.6194 0 0 0 -9.80843	
1.94	-762.936 -19.6194 0 0 0 -9.8084	
1.95	-693.558 -19.6194 0 0 0 -9.80837	
1.96	-630.489 -19.6194 0 0 0 -9.80834	
1.97	-573.156 -19.6194 0 0 0 -9.80831	
1.98	-521.036 -19.6194 0 0 0 -9.80828	
1.99	-473.655 -19.6194 0 0 0 -9.80825	
2	-430.583 -19.6194 0 0 0 -9.80822	
2.01	-391.428 -19.6194 0 0 0 -9.80819	
2.02	-31771.8 -19.6193 0 0 0 -9.80816	
2.03	-28891.7 -19.6193 0 0 0 -9.80814	
2.04	-26264.4 -19.6193 0 0 0 -9.80811	
2.05	-55292 -19.6193 0 0 0 -9.80808	
2.06	-50273.1 -19.6193 0 0 0 -9.80806	
2.07	-45701.5 -19.6193 0 0 0 -9.80803	
2.08	-72961.6 -19.6193 0 0 0 -9.80801	
2.09	-66335.9 -19.6193 0 0 0 -9.80798	
2.1	-91719.6 -19.6193 0 0 0 -9.80796	
2.11	-83388.1 -19.6193 0 0 0 -9.80793	
2.12	-75805.2 -19.6193 0 0 0 -9.80791	
2.13	-68911.9 -19.6192 0 0 0 -9.80789	
2.14	-94061.3 -19.6192 0 0 0 -9.80786	
2.15	-85516.9 -19.6192 0 0 0 -9.80784	
2.16	-109156 -19.6192 0 0 0 -9.80782	
2.17	-99239.2 -19.6192 0 0 0 -9.8078	
2.18	-90214.9 -19.6192 0 0 0 -9.80778	
2.19	-113427 -19.6192 0 0 0 -9.80776	
2.2	-103122 -19.6192 0 0 0 -9.80774	
2.21	-93744.4 -19.6192 0 0 0 -9.80772	
2.22	-116636 -19.6192 0 0 0 -9.8077	
2.23	-106038 -19.6192 0 0 0 -9.80768	
2.24	-96395.8 -19.6192 0 0 0 -9.80766	
2.25	-119046 -19.6192 0 0 0 -9.80765	
2.26	-108230 -19.6192 0 0 0 -9.80763	
2.27	-98387.7 -19.6192 0 0 0 -9.80761	
2.28	-120857 -19.6192 0 0 0 -9.8076	
2.29	-109876 -19.6191 0 0 0 -9.80758	
2.3	-99884.2 -19.6191 0 0 0 -9.80757	
2.31	-122217 -19.6191 0 0 0 -9.80755	
2.32	-111112 -19.6191 0 0 0 -9.80754	
2.33	-132424 -19.6191 0 0 0 -9.80752	
2.34	-120391 -19.6191 0 0 0 -9.80751	
2.35	-109444 -19.6191 0 0 0 -9.8075	
2.36	-130907 -19.6191 0 0 0 -9.80748	
2.37	-119012 -19.6191 0 0 0 -9.80747	
2.38	-108190 -19.6191 0 0 0 -9.80746	
2.39	-129768 -19.6191 0 0 0 -9.80745	
2.4	-117976 -19.6191 0 0 0 -9.80744	
2.41	-107248 -19.6191 0 0 0 -9.80743	
2.42	-128911 -19.6191 0 0 0 -9.80742	
2.43	-117198 -19.6191 0 0 0 -9.80741	
2.44	-137956 -19.6191 0 0 0 -9.8074	
2.45	-125420 -19.6191 0 0 0 -9.80739	
2.46	-114015 -19.6191 0 0 0 -9.80739	
2.47	-135063 -19.6191 0 0 0 -9.80738	
2.48	-122790 -19.6191 0 0 0 -9.80737	
2.49	-111624 -19.6191 0 0 0 -9.80737	
2.5	-132890 -19.6191 0 0 0 -9.80736	
2.51	-120814 -19.6191 0 0 0 -9.80735	
2.52	-109828 -19.6191 0 0 0 -9.80735	
2.53	-131257 -19.6191 0 0 0 -9.80735	
2.54	-119330 -19.6191 0 0 0 -9.80734	
2.55	-108479 -19.6191 0 0 0 -9.80734	
2.56	-130030 -19.6191 0 0 0 -9.80734	
2.57	-118215 -19.6191 0 0 0 -9.80733	
2.58	-107465 -19.6191 0 0 0 -9.80733	
2.59	-129109 -19.6191 0 0 0 -9.80733	
2.6	-117377 -19.6191 0 0 0 -9.80733	
2.61	-138119 -19.6191 0 0 0 -9.80733	
2.62	-125569 -19.6191 0 0 0 -9.80733	
2.63	-114150 -19.6191 0 0 0 -9.80733	
2.64	-135186 -19.6191 0 0 0 -9.80733	
2.65	-122902 -19.6191 0 0 0 -9.80733	
2.66	-111726 -19.6191 0 0 0 -9.80733	
2.67	-132982 -19.6191 0 0 0 -9.80733	
2.68	-120898 -19.6191 0 0 0 -9.80734	
2.69	-109904 -19.6191 0 0 0 -9.80734	
2.7	-131326 -19.6191 0 0 0 -9.80734	
2.71	-119393 -19.6191 0 0 0 -9.80735	
2.72	-139952 -19.6191 0 0 0 -9.80735	
2.73	-127234 -19.6191 0 0 0 -9.80736	
2.74	-115664 -19.6191 0 0 0 -9.80736	
2.75	-136562 -19.6191 0 0 0 -9.80737	
2.76	-124153 -19.6191 0 0 0 -9.80737	
2.77	-112863 -19.6191 0 0 0 -9.80738	
2.78	-134016 -19.6191 0 0 0 -9.80739	
2.79	-121838 -19.6191 0 0 0 -9.8074	
2.8	-142175 -19.6191 0 0 0 -9.8074	
2.81	-129255 -19.6191 0 0 0 -9.80741	
2.82	-117501 -19.6191 0 0 0 -9.80742	
2.83	-138232 -19.6191 0 0 0 -9.80743	
2.84	-125671 -19.6191 0 0 0 -9.80744	
2.85	-114243 -19.6191 0 0 0 -9.80745	
2.86	-135270 -19.6191 0 0 0 -9.80746	
2.87	-122979 -19.6191 0 0 0 -9.80747	
2.88	-111796 -19.6191 0 0 0 -9.80748	
2.89	-133045 -19.6191 0 0 0 -9.8075	
2.9	-120956 -19.6191 0 0 0 -9.80751	
2.91	-109957 -19.6191 0 0 0 -9.80752	
2.92	-131374 -19.6191 0 0 0 -9.80753	
2.93	-119436 -19.6191 0 0 0 -9.80755	
2.94	-108575 -19.6192 0 0 0 -9.80756	
2.95	-130118 -19.6192 0 0 0 -9.80758	
2.96	-118295 -19.6192 0 0 0 -9.80759	
2.97	-107538 -19.6192 0 0 0 -9.80761	
2.98	-129175 -19.6192 0 0 0 -9.80762	
2.99	-117437 -19.6192 0 0 0 -9.80764	
3	-138174 -19.6192 0 0 0 -9.80766	
3.01	-125618 -19.6192 0 0 0 -9.80767	
3.02	-114195 -19.6192 0 0 0 -9.80769	
3.03	-135227 -19.6192 0 0 0 -9.80771	
3.04	-122940 -19.9162 0.993075 0.00397926 -0.654741 -10.0011	
3.05	-143178 -20.5153 3.82065 0.0332601 -2.62768 -10.4092	
3.06	-130170 -21.216 8.60747 0.0998761 -6.15592 -10.9117	
3.07	-118337 -21.99 14.2764 0.195795 -10.6221 -11.4891	
3.08	-138996 -22.7016 19.6677 0.306362 -15.2034 -12.0511	
3.09	-126369 -23.2958 24.109 0.416516 -19.2992 -12.5497	
3.1	-114881 -23.8307 28.3445 0.523663 -23.2407 -13.0062	
3.11	-135854 -24.5749 32.1519 0.611819 -26.8459 -13.5904	
3.12	-123512 -25.2709 35.3245 0.696602 -29.957 -14.1547	
3.13	-143701 -26.1857 39.7699 0.844513 -33.8242 -14.8364	
3.14	-130646 -26.8833 42.8571 0.967493 -36.8435 -15.4149	
3.15	-150186 -27.7567 46.3173 1.05057 -39.9843 -16.1188	
3.16	-136543 -29.2996 49.4323 1.01068 -42.7849 -17.3265	
3.17	-124133 -31.9015 53.8186 0.788079 -46.2536 -19.3775	
3.18	-144265 -32.2009 56.672 0.64224 -48.9296 -20.0361	
3.19	-131159 -31.1672 59.6416 0.679909 -51.7816 -19.6114	
3.2	-119235 -30.2423 60.6102 0.724105 -53.2782 -19.0395	
3.21	-139815 -29.469 65.1665 0.753073 -56.2566 -18.4504	
3.22	-127113 -28.843 68.6242 0.750085 -59.8761 -17.9206	
3.23	-146976 -28.6032 70.3799 0.639053 -61.7895 -17.7239	
3.24	-133625 -27.6881 72.4401 0.53781 -63.6808 -17.082	
3.25	-121479 -25.2289 76.4712 0.584144 -66.9838 -15.1859	
3.26	-141853 -24.5499 78.9327 0.591861 -69.3595 -14.3185	
3.27	-128968 -24.7319 80.0493 0.609189 -70.7228 -14.1131	
3.28	-148662 -25.2292 82.9332 0.628254 -73.0519 -14.2601	
3.29	-135157 -25.4279 80.6783 0.578383 -71.9632 -14.291	
3.3	-122874 -25.3011 85.7073 0.830943 -75.3874 -14.0375	
3.31	-143123 -24.1281 90.0121 1.18828 -78.8954 -13.107	
3.32	-130119 -20.9831 87.4463 1.40019 -78.0464 -10.872	
3.33	-149698 -17.6894 77.1796 1.27824 -71.5971 -8.47554	
3.34	-136094 -17.3413 86.3633 3.25561 -64.7907 -9.12661	
3.35	-123726 -20.5053 64.7804 0.408994 -60.1669 -10.3238	
3.36	-143896 0.672324 49.8744 0.406946 -59.8539 -4.11662	
3.37	-130814 -30.841 32.9128 -3.8998 -59.0778 -0.813736	
3.38	-150341 -21.7458 79.3711 6.84601 -48.9113 -3.3449	
3.39	-136699 -19.9539 39.1022 -1.18313 -44.6109 -2.69104	
3.4	-155653 14.0221 -32.6646 -17.888 -45.9301 -12.0113	
3.41	-141492 -69.6251 -59.5536 -11.7599 -43.9555 -3.99724	
3.42	-128663 -16.6157 93.7877 12.6981 -33.4747 -9.36726	
3.43	-148357 -44.6098 -40.3044 3.05219 -28.6505 -3.24917	
3.44	-134879 54.4903 92.0228 -10.7264 -24.2739 -12.0972	
3.45	-154015 19.003 -31.3137 -0.644411 -16.6194 -16.4105	
3.46	-140035 -37.4625 -40.0192 23.6081 -15.4611 -3.27094	
3.47	-127305 -62.3817 -100.339 17.1428 -14.0106 2.06668	
3.48	-147130 20.3198 2.74844 -10.629 -7.0771 -9.08555	
3.49	-133714 -35.2687 -63.6617 7.86366 4.44551 -4.70327	
3.5	-121574 1.00537 -30.9898 -0.540574 1.12977 -6.97493	
3.51	-141931 3.57112 -50.4696 0.570868 3.19341 -7.24419	
3.52	-129061 -20.8219 5.4249 0.579754 -2.99478 -10.3096	
3.53	-148741 -20.7313 4.85642 0.534977 -2.51889 -10.321	
3.54	-135224 -20.6422 4.36375 0.488903 -2.15454 -10.3116	
3.55	-122928 -20.5569 3.93204 0.443436 -1.86885 -10.29	
3.56	-143165 -20.4764 3.55046 0.3999 -1.6395 -10.2616	
3.57	-130156 -20.4013 3.21091 0.359038 -1.45123 -10.2302	
3.58	-149736 -20.3319 2.90719 0.32123 -1.29353 -10.1978	
3.59	-136129 -20.2679 2.63446 0.286613 -1.15911 -10.166	
3.6	-123750 -20.2093 2.38882 0.25517 -1.04284 -10.1354	
3.61	-143912 -20.1556 2.16711 0.226781 -0.941058 -10.1066	
3.62	-130835 -20.1067 1.96668 0.201234 -0.851211 -10.0798	
3.63	-118937 -20.0621 1.78526 0.17836 -0.771252 -10.0551	
3.64	-139538 -20.0215 1.62088 0.157948 -0.699646 -10.0324	
3.65	-126858 -19.9846 1.47183 0.139775 -0.635224 -10.0117	
3.66	-115322 -19.951 1.33662 0.123623 -0.577074 -9.99276	
3.67	-136251 -19.9206 1.21391 0.109287 -0.524461 -9.97559	
3.68	-123870 -19.8929 1.10252 0.0965757 -0.476778 -9.95999	
3.69	-112606 -19.8677 1.00138 0.0853152 -0.433513 -9.94585	
3.7	-133782 -19.8449 0.909549 0.0753473 -0.394224 -9.93303	
3.71	-121626 -19.8242 0.826154 0.066529 -0.358524 -9.92141	
3.72	-110566 -19.8054 0.750417 0.0587317 -0.326074 -9.91089	
3.73	-131927 -19.7883 0.68163 0.0518403 -0.296569 -9.90136	
3.74	-119940 -19.7728 0.619154 0.0457516 -0.269737 -9.89273	
3.75	-140449 -19.7587 0.562409 0.0403737 -0.245333 -9.88492	
3.76	-127686 -19.7459 0.510868 0.0356248 -0.223135 -9.87785	
3.77	-116075 -19.7343 0.464052 0.0314322 -0.202943 -9.87145	
3.78	-136936 -19.7238 0.421528 0.0277314 -0.184576 -9.86565	
3.79	-124492 -19.7142 0.382902 0.0244651 -0.167868 -9.86041	
3.8	-113172 -19.7056 0.347817 0.0215826 -0.15267 -9.85566	
3.81	-134296 -19.6977 0.315948 0.0190391 -0.138845 -9.85135	
3.82	-122093 -19.6905 0.286999 0.0167949 -0.126269 -9.84746	
3.83	-110991 -19.684 0.260704 0.0148149 -0.11483 -9.84393	
3.84	-100898 -19.6781 0.236818 0.0130681 -0.104425 -9.84074	
3.85	-123138 -19.6728 0.215122 0.011527 -0.0949606 -9.83785	
3.86	-111950 -19.6679 0.195413 0.0101676 -0.0863524 -9.83523	
3.87	-133186 -19.6635 0.177511 0.00896839 -0.078523 -9.83286	
3.88	-121084 -19.6595 0.161248 0.00791056 -0.071402 -9.83071	
3.89	-110073 -19.6559 0.146476 0.00697744 -0.0649255 -9.82877	
3.9	-131479 -19.6526 0.133058 0.00615436 -0.0590353 -9.82701	
3.91	-119532 -19.6496 0.120869 0.00542834 -0.0536785 -9.82541	
3.92	-108663 -19.6469 0.109839 0.00471251 -0.0488563 -9.82395	
3.93	-130197 -19.6444 0.099786 0.0041022 -0.0444443 -9.82262	
3.94	-118367 -19.6421 0.0906496 0.00357911 -0.0404228 -9.82143	
3.95	-107603 -19.6401 0.0823882 0.00306474 -0.0368044 -9.82034	
3.96	-129234 -19.6382 0.074851 0.00263683 -0.0334865 -9.81935	
3.97	-117491 -19.6366 0.068042 0.00221733 -0.0305035 -9.81845	
3.98	-106807 -19.635 0.0618835 0.00180791 -0.0278186 -9.81763	
3.99	-128511 -19.6336 0.0562312 0.00148817 -0.0253302 -9.81689	
4	-116834 -19.6324 0.0511402 0.00117694 -0.0230992 -9.81622	
4.01	-106209 -19.6313 0.0465428 0.000875677 -0.0210934 -9.8156	
4.02	-127967 -19.6302 0.0422974 0.000655448 -0.0192165 -9.81505	
4.03	-116339 -19.6293 0.0384824 0.000442817 -0.0175365 -9.81455	
4.04	-105760 -19.6284 0.0350405 0.000238973 -0.0160263 -9.8141	
4.05	-127559 -19.6277 0.031938 4.53513e-05 -0.0146695 -9.81368	
4.06	-115968 -19.6269 0.0290319 -7.90634e-05 -0.0133745 -9.81332	
4.07	-105423 -19.6263 0.0264299 -0.000196973 -0.0122182 -9.81298	
4.08	-127252 -19.6257 0.0240859 -0.000307416 -0.0111789 -9.81268	
4.09	-115689 -19.6252 0.0219752 -0.0004092 -0.0102444 -9.81241	
4.1	-105169 -19.6247 0.0200795 -0.000500439 -0.00940543 -9.81217	
4.11	-127022 -19.6243 0.0182584 -0.000541777 -0.00858036 -9.81195	
4.12	-115480 -19.6239 0.0166298 -0.000578487 -0.00784294 -9.81175	
4.13	-136395 -19.6236 0.0151616 -0.000610068 -0.00717809 -9.81157	
4.14	-124001 -19.6232 0.0138363 -0.000636006 -0.00657734 -9.81141	
4.15	-112725 -19.6229 0.01264 -0.00065562 -0.00603407 -9.81127	
4.16	-133890 -19.6227 0.011446 -0.000675101 -0.00549176 -9.81112	
4.17	-121724 -19.6224 0.0104322 -0.000690534 -0.00503155 -9.811	
4.18	-110655 -19.6222 0.00954047 -0.000700225 -0.00462567 -9.8109	
4.19	-132008 -19.622 0.00865005 -0.000709794 -0.00422036 -9.81079	
4.2	-120013 -19.6218 0.00789885 -0.000715248 -0.00387799 -9.8107	
4.21	-109100 -19.6216 0.00714929 -0.000720585 -0.00353634 -9.81061	
4.22	-130595 -19.6215 0.00653334 -0.000721992 -0.00325507 -9.81054	
4.23	-118728 -19.6213 0.00591859 -0.000723287 -0.00297431 -9.81047	
4.24	-107932 -19.6212 0.00541967 -0.000720495 -0.00274556 -9.81041	
4.25	-129533 -19.6211 0.00492135 -0.000717598 -0.00251704 -9.81035	
4.26	-117763 -19.621 0.00442533 -0.000714597 -0.00228953 -9.81029	
4.27	-138470 -19.6209 0.00405157 -0.000708257 -0.00211731 -9.81025	
4.28	-125887 -19.6208 0.00367837 -0.00070182 -0.00194531 -9.81021	
4.29	-114440 -19.6207 0.003307 -0.000695287 -0.00177411 -9.81016	
4.3	-135449 -19.6206 0.00303813 -0.000685446 -0.00164895 -9.81013	
4.31	-123141 -19.6206 0.00276931 -0.000675516 -0.00152379 -9.8101	
4.32	-111943 -19.6205 0.00250148 -0.000665501 -0.00139903 -9.81007	
4.33	-133180 -19.6204 0.0022355 -0.000655401 -0.0012751 -9.81004	
4.34	-121078 -19.6204 0.0020604 -0.000642433 -0.00119195 -9.81002	
4.35	-110068 -19.6204 0.00188514 -0.000629389 -0.00110868 -9.81001	
4.36	-131475 -19.6203 0.00171034 -0.000616271 -0.00102559 -9.80999	
4.37	-119528 -19.6203 0.00153657 -0.000603081 -0.000942946 -9.80997	
4.38	-108659 -19.6202 0.00136439 -0.000589822 -0.000861001 -9.80995	
4.39	-130194 -19.6202 0.00119434 -0.000576496 -0.000780006 -9.80993	
4.4	-118364 -19.6202 0.00110527 -0.000561087 -0.000735481 -9.80993	
4.41	-107600 -19.6202 0.00101604 -0.000545619 -0.000690849 -9.80992	
4.42	-129232 -19.6201 0.000926968 -0.000530094 -0.000646254 -9.80991	
4.43	-117489 -19.6201 0.000838339 -0.000514515 -0.000601833 -9.8099	
4.44	-106805 -19.6201 0.00075044 -0.000498883 -0.00055772 -9.8099	
4.45	-128509 -19.6201 0.000663541 -0.000483202 -0.00051404 -9.80989	
4.46	-116832 -19.6201 0.0005779 -0.000467474 -0.000470915 -9.80988	
4.47	-106208 -19.62 0.000493758 -0.000451701 -0.000428456 -9.80988	
4.48	-127966 -19.62 0.000411344 -0.000435886 -0.000386772 -9.80987	
4.49	-116338 -19.62 0.000330871 -0.000420032 -0.000345961 -9.80986	
4.5	-137175 -19.62 0.000252539 -0.00040414 -0.000306117 -9.80986	
4.51	-124710 -19.62 0.00017653 -0.000388214 -0.000267327 -9.80985	
4.52	-113369 -19.62 0.000103014 -0.000372256 -0.000229668 -9.80985	
4.53	-134476 -19.62 9.89818e-05 -0.000355491 -0.000223603 -9.80985	
4.54	-122257 -19.62 9.49593e-05 -0.000338701 -0.000217518 -9.80985	
4.55	-111139 -19.62 9.0954e-05 -0.000321887 -0.000211419 -9.80985	
4.56	-132449 -19.62 8.6973e-05 -0.000305053 -0.000205309 -9.80986	
4.57	-120413 -19.62 8.30229e-05 -0.0002882 -0.000199192 -9.80986	
4.58	-109464 -19.62 7.911e-05 -0.000271332 -0.000193072 -9.80986	
4.59	-130925 -19.62 7.52401e-05 -0.000254451 -0.000186952 -9.80987	
4.6	-119029 -19.62 7.14186e-05 -0.000237559 -0.000180836 -9.80987	
4.61	-139621 -19.62 6.76508e-05 -0.00022066 -0.000174727 -9.80987	
4.62	-126934 -19.62 6.39413e-05 -0.000203756 -0.000168628 -9.80988	
4.63	-115392 -19.4161 -1.64187 0.033284 1.02434 -9.71635	
4.64	-136319 -18.2121 -6.0361 0.101541 4.0084 -8.97509	
4.65	-123934 -14.5321 -12.4827 0.0278894 8.9807 -6.29766	
4.66	-144084 -12.429 -18.6239 0.0957607 14.1378 -4.46217	
4.67	-130994 -11.2417 -22.4959 0.191911 17.9753 -3.21737	
4.68	-119085 -10.5353 -25.8535 0.294306 21.3099 -2.39625	
4.69	-139675 -9.98833 -28.7894 0.396164 24.2118 -1.79115	
4.7	-126986 -9.61295 -31.0778 0.488897 26.5486 -1.37632	
4.71	-146857 -9.2861 -33.2229 0.575102 28.6406 -1.05703	
4.72	-133515 -9.07292 -34.8938 0.650202 30.3149 -0.850503	
4.73	-121377 -8.85494 -36.6095 0.720836 31.9082 -0.676457	
4.74	-141758 -8.72495 -37.935 0.782734 33.1839 -0.576218	
4.75	-128879 -8.75931 -38.5093 0.826367 33.8898 -0.593066	
4.76	-148578 -8.66219 -39.2899 0.866283 34.5848 -0.575254	
4.77	-135083 -7.87604 -41.4293 0.867436 35.6815 -0.199651	
4.78	-122802 -7.56249 -44.6516 0.912379 38.1314 0.0528452	
4.79	-143054 -7.52975 -44.7667 0.916031 38.6271 0.126995	
4.8	-130056 -7.22285 -44.0991 0.853856 38.4651 0.417564	
4.81	-118231 -7.73724 -43.1155 0.831063 37.8728 0.140906	
4.82	-138898 -8.55164 -42.5328 0.868089 37.3676 -0.460891	
4.83	-126279 -9.3906 -42.2214 0.95343 36.9782 -1.18987	
4.84	-114799 -10.1333 -43.0124 1.10995 37.301 -1.95284	
4.85	-135779 -10.7426 -43.9758 1.30204 37.8474 -2.66496	
4.86	-123444 -11.238 -44.4803 1.48322 38.1851 -3.28213	
4.87	-143638 -11.524 -45.2184 1.65003 38.689 -3.73247	
4.88	-130587 -11.7081 -44.3627 1.73674 38.197 -4.02051	
4.89	-118715 -11.3955 -44.1532 1.76139 37.9996 -3.9116	
4.9	-139337 -11.2642 -42.5519 1.72068 36.8926 -3.80709	
4.91	-126678 -9.71499 -42.4475 1.55179 36.6246 -2.66854	
4.92	-115162 -6.34237 -43.2568 1.16112 37.0275 -0.0367167	
4.93	-136107 -4.64871 -42.3346 0.757848 36.4375 1.75816	
4.94	-123741 -3.77235 -41.4429 0.447399 35.7564 2.9247	
4.95	-143907 -3.16831 -41.0176 0.290426 35.3734 3.73237	
4.96	-130832 -3.19545 -39.7113 0.22222 34.4172 3.98679	
4.97	-118938 -3.22919 -40.0715 0.335546 34.4779 3.98152	
4.98	-139542 -3.18186 -41.6966 0.649025 35.5007 3.81466	
4.99	-126866 -2.65603 -43.3997 1.04795 36.783 3.89113	
5	-146747 -2.80352 -41.7831 1.28985 36.0034 3.71873	
5.01	-133414 1.10107 -41.3396 1.2139 35.7315 6.44772	
5.02	-121284 3.33099 -39.7898 1.00716 34.6944 8.55271	
5.03	-141672 3.91156 -37.9068 0.816718 33.3059 9.59558	
5.04	-128799 3.86287 -35.8367 0.654458 31.68 10.0522	
5.05	-148505 4.17772 -34.6208 0.561395 30.5112 10.5171	
5.06	-135011 5.69218 -33.8079 0.428661 29.6984 11.8174	
5.07	-122734 5.06925 -31.8645 0.327153 28.1865 11.7491	
5.08	-142990 4.74507 -30.2781 0.251647 26.82 11.6721	
5.09	-129998 4.5134 -28.9921 0.182047 25.6449 11.5839	
5.1	-149593 3.98996 -27.5378 0.130919 24.3759 11.2483	
5.11	-136000 3.68895 -26.3504 0.0955726 23.2797 10.9988	
5.12	-123634 3.96609 -25.6889 0.0773119 22.5635 11.1218	
5.13	-143809 4.48632 -25.3 0.0729827 22.1038 11.4611	
5.14	-130745 5.56949 -26.1941 0.123783 22.4598 12.0918	
5.15	-150274 8.43652 -27.3081 0.116438 23.261 14.1584	
5.16	-136619 8.58726 -26.727 0.114422 23.0718 14.6981	
5.17	-124196 8.22347 -25.9386 0.113728 22.6241 14.7275	
5.18	-144320 7.81904 -25.1876 0.113924 22.108 14.579	
5.19	-131206 7.40812 -24.5573 0.114366 21.6164 14.3293	
5.2	-119278 7.61705 -25.4391 0.183658 22.1081 14.3772	
5.21	-139848 7.00623 -24.6775 0.219455 21.6526 13.9436	
5.22	-127141 7.08167 -23.6041 0.165149 20.9043 13.9766	
5.23	-146996 6.00779 -22.3088 0.143017 19.9309 13.2552	
5.24	-133639 6.579 -22.3291 0.220367 19.819 13.5388	
5.25	-121487 4.89155 -20.6442 0.257056 18.6241 12.4176	
5.26	-141855 2.84165 -18.8716 0.272309 17.2229 10.8656	
5.27	-128965 0.870753 -17.1948 0.273453 15.7892 9.21644	
5.28	-148653 -0.971444 -15.6367 0.265578 14.3889 7.57461	
5.29	-135144 -2.67574 -14.2003 0.252208 13.0572 5.99457	
5.3	-122855 -4.2423 -12.8832 0.235757 11.8125 4.50619	
5.31	-143099 -5.67576 -11.6802 0.217936 10.6629 3.1241	
5.32	-130095 -6.98317 -10.5842 0.199745 9.60982 1.85336	
5.33	-118265 -8.17284 -9.58769 0.181852 8.65079 0.693126	
5.34	-138927 -9.25355 -8.68297 0.164688 7.78108 -0.360957	
5.35	-126302 -10.2341 -7.86237 0.148513 6.99476 -1.31517	
5.36	-146233 -11.123 -7.11862 0.133469 6.28538 -2.17674	
5.37	-132944 -11.9283 -6.44486 0.119616 5.64644 -2.95321	
5.38	-120855 -12.6575 -5.83473 0.106959 5.0716 -3.65203	
5.39	-141281 -13.3177 -5.28235 0.0954625 4.55485 -4.28035	
5.4	-128443 -13.9153 -4.78233 0.0850719 4.09058 -4.84491	
5.41	-148179 -14.456 -4.32976 0.0757166 3.67364 -5.35192	
5.42	-134713 -14.9454 -3.92016 0.0673198 3.29929 -5.80709	
5.43	-122463 -15.3882 -3.54946 0.0598027 2.96325 -6.21565	
5.44	-142743 -15.7889 -3.21396 0.053087 2.66162 -6.58231	
5.45	-129771 -16.1515 -2.91031 0.0470976 2.39088 -6.91135	
5.46	-117971 -16.4796 -2.63549 0.0417635 2.14789 -7.20662	
5.47	-138659 -16.7765 -2.38674 0.0370185 1.92977 -7.4716	
5.48	-126059 -17.0452 -2.16158 0.0328016 1.73399 -7.70939	
5.49	-146012 -17.2884 -1.95777 0.029057 1.55824 -7.92281	
5.5	-132743 -17.5085 -1.77327 0.0257341 1.40045 -8.11435	
5.51	-120672 -17.7077 -1.60624 0.0227869 1.25878 -8.28629	
5.52	-141115 -17.888 -1.45502 0.0201741 1.13158 -8.44064	
5.53	-128292 -18.0512 -1.3181 0.0178587 1.01734 -8.57921	
5.54	-116625 -18.199 -1.19413 0.0158075 0.914742 -8.70364	
5.55	-137436 -18.3328 -1.08188 0.0139907 0.822586 -8.81537	
5.56	-124947 -18.4539 -0.980221 0.012382 0.739801 -8.91571	
5.57	-113585 -18.5636 -0.888161 0.0109576 0.665424 -9.00584	
5.58	-134672 -18.6629 -0.804785 0.00969676 0.598595 -9.0868	
5.59	-122435 -18.7529 -0.729271 0.00858072 0.538539 -9.15953	
5.6	-111301 -18.8343 -0.660874 0.00759297 0.484566 -9.22488	
5.61	-132596 -18.9081 -0.598919 0.00671881 0.436052 -9.2836	
5.62	-120547 -18.9749 -0.542796 0.00594524 0.392441 -9.33638	
5.63	-109585 -19.0354 -0.491955 0.0052607 0.353232 -9.38381	
5.64	-131036 -19.0902 -0.445895 0.00465497 0.317977 -9.42645	
5.65	-119129 -19.1398 -0.404164 0.00411899 0.286274 -9.46478	
5.66	-108296 -19.1848 -0.366355 0.00364474 0.257761 -9.49925	
5.67	-129864 -19.2256 -0.332097 0.0032251 0.232114 -9.53024	
5.68	-118064 -19.2625 -0.301054 0.0028538 0.209043 -9.55812	
5.69	-107328 -19.2959 -0.272924 0.00252527 0.188286 -9.58319	
5.7	-128984 -19.3262 -0.247432 0.00223457 0.169609 -9.60574	
5.71	-117264 -19.3537 -0.22433 0.00197736 0.152802 -9.62603	
5.72	-106601 -19.3786 -0.203392 0.00174977 0.137676 -9.64428	
5.73	-128323 -19.4011 -0.184416 0.00154839 0.124061 -9.66071	
5.74	-116663 -19.4216 -0.167216 0.0013702 0.111804 -9.67549	
5.75	-106054 -19.4401 -0.151626 0.00121252 0.10077 -9.6888	
5.76	-127826 -19.4569 -0.137494 0.001073 0.0908342 -9.70078	
5.77	-116211 -19.4721 -0.124684 0.000949543 0.0818871 -9.71156	
5.78	-105644 -19.4859 -0.113071 0.000840296 0.0738291 -9.72127	
5.79	-127453 -19.4984 -0.102543 0.000743623 0.0665712 -9.73001	
5.8	-115872 -19.5097 -0.0929985 0.000658077 0.0600331 -9.73789	
5.81	-105335 -19.52 -0.084345 0.000582376 0.0541428 -9.74498	
5.82	-127172 -19.5293 -0.0764992 0.000515385 0.0488356 -9.75137	
5.83	-115617 -19.5377 -0.0693853 0.000456103 0.0440531 -9.75712	
5.84	-136519 -19.5454 -0.0629349 0.00040364 0.0397431 -9.76231	
5.85	-124114 -19.5523 -0.0570859 0.000357214 0.0358584 -9.76698	
5.86	-112828 -19.5586 -0.0517819 0.000316128 0.0323567 -9.77119	
5.87	-133984 -19.5643 -0.0469722 0.000279767 0.0291999 -9.77498	
5.88	-121809 -19.5695 -0.0426104 0.000247589 0.0263536 -9.7784	
5.89	-142148 -19.5742 -0.0386547 0.000219112 0.0237872 -9.78149	
5.9	-129231 -19.5784 -0.0350672 0.00019391 0.0214728 -9.78427	
5.91	-117479 -19.5823 -0.0318134 0.000171605 0.0193854 -9.78677	
5.92	-138212 -19.5858 -0.0288624 0.000151866 0.0175026 -9.78904	
5.93	-125653 -19.589 -0.0262041 0.000132466 0.0157641 -9.79112	
5.94	-114227 -19.5919 -0.0237645 0.000115796 0.0141991 -9.793	
5.95	-135255 -19.5944 -0.0215829 9.94904e-05 0.0127632 -9.79473	
5.96	-122965 -19.5968 -0.019568 8.58316e-05 0.0114753 -9.79628	
5.97	-111783 -19.599 -0.0177771 7.25321e-05 0.0103004 -9.79769	
5.98	-133034 -19.6009 -0.0161149 6.16479e-05 0.00924916 -9.79895	
5.99	-120946 -19.6027 -0.014643 5.10931e-05 0.00829451 -9.8001	
6	-109948 -19.6043 -0.0132728 4.26484e-05 0.00744204 -9.80112	
6.01	-131365 -19.6057 -0.0120612 3.44883e-05 0.00667019 -9.80205	
6.02	-119429 -19.6071 -0.0109325 2.81095e-05 0.00598231 -9.80287	
6.03	-139984 -19.6083 -0.00993401 2.19652e-05 0.0053605 -9.80362	
6.04	-127264 -19.6094 -0.00900474 1.72823e-05 0.00480747 -9.80428	
6.05	-115691 -19.6103 -0.00818109 1.2785e-05 0.00430784 -9.80488	
6.06	-136587 -19.6112 -0.00745392 8.57827e-06 0.00386011 -9.80541	
6.07	-124175 -19.612 -0.00672753 4.37731e-06 0.00341289 -9.80595	
6.08	-112883 -19.6128 -0.00612193 4.3981e-07 0.00302845 -9.80641	
6.09	-134034 -19.6135 -0.00551691 -3.49119e-06 0.00264444 -9.80687	
6.1	-121855 -19.6141 -0.00498735 -5.96104e-06 0.00233426 -9.80724	
6.11	-110774 -19.6146 -0.00454441 -8.19757e-06 0.00206999 -9.80756	
6.12	-132117 -19.6152 -0.00410168 -1.04292e-05 0.00180594 -9.80787	
6.13	-120112 -19.6156 -0.00374962 -1.23572e-05 0.00159161 -9.80813	
6.14	-109189 -19.616 -0.00339703 -1.42803e-05 0.00137717 -9.80839	
6.15	-130676 -19.6164 -0.00304507 -1.61981e-05 0.00116315 -9.80864	
6.16	-118802 -19.6167 -0.00279168 -1.77881e-05 0.00100335 -9.80884	
6.17	-107999 -19.617 -0.00253724 -1.9373e-05 0.000843196 -9.80903	
6.18	-129594 -19.6173 -0.00228262 -2.09525e-05 0.000683104 -9.80922	
6.19	-117818 -19.6176 -0.00202866 -2.25263e-05 0.000523463 -9.80941	
6.2	-138520 -19.6179 -0.00177614 -2.40942e-05 0.000364652 -9.8096	
6.21	-125933 -19.6181 -0.00163635 -2.53332e-05 0.000266907 -9.80972	
6.22	-114481 -19.6183 -0.00147131 -2.53892e-05 0.000188905 -9.80981	
6.23	-135487 -19.6185 -0.00130676 -2.54414e-05 0.000111224 -9.8099	
6.24	-123176 -19.6187 -0.00114326 -2.54898e-05 3.41187e-05 -9.81	
6.25	-111975 -19.6189 -0.000981327 -2.55343e-05 -4.21676e-05 -9.81009	
6.26	-133208 -19.619 -0.000890949 -2.54389e-05 -8.19236e-05 -9.81013	
6.27	-121104 -19.6191 -0.000800287 -2.534e-05 -0.000121728 -9.81018	
6.28	-141507 -19.6192 -0.000709667 -2.52376e-05 -0.000161428 -9.81023	
6.29	-128648 -19.6193 -0.000619405 -2.51317e-05 -0.00020088 -9.81027	
6.3	-148366 -19.6194 -0.000529803 -2.50223e-05 -0.000239941 -9.81032	
6.31	-134883 -19.6195 -0.00044115 -2.49094e-05 -0.00027848 -9.81036	
6.32	-122617 -19.6196 -0.000353721 -2.4793e-05 -0.000316369 -9.81041	
6.33	-142883 -19.6197 -0.000267775 -2.46731e-05 -0.000353488 -9.81045	
6.34	-129899 -19.6197 -0.000243361 -2.44246e-05 -0.00035906 -9.81046	
6.35	-118087 -19.6198 -0.000218478 -2.4173e-05 -0.000364777 -9.81046	
6.36	-138764 -19.6198 -0.000193239 -2.39184e-05 -0.000370588 -9.81047	
6.37	-126155 -19.6198 -0.000167753 -2.36607e-05 -0.000376443 -9.81048	
6.38	-114683 -19.6198 -0.000142126 -2.34001e-05 -0.000382293 -9.81048	
6.39	-135670 -19.6199 -0.000116462 -2.31365e-05 -0.000388093 -9.81049	
6.4	-123342 -19.6199 -9.086e-05 -2.287e-05 -0.000393798 -9.8105	
6.41	-143542 -19.6199 -6.54148e-05 -2.26006e-05 -0.000399363 -9.8105	
6.42	-130498 -19.62 -4.02179e-05 -2.23283e-05 -0.000404749 -9.81051	
6.43	-118631 -19.62 -1.53563e-05 -2.20533e-05 -0.000409915 -9.81051	
6.44	-139259 -19.62 9.08738e-06 -2.17755e-05 -0.000414825 -9.81052	
6.45	-126605 -19.62 3.3035e-05 -2.14949e-05 -0.000419444 -9.81052	
6.46	-115092 -19.6201 5.6413e-05 -2.12117e-05 -0.000423739 -9.81053	
6.47	-136042 -19.6201 7.91527e-05 -2.09258e-05 -0.000427678 -9.81053	
6.48	-123680 -19.6201 0.00010119 -2.06373e-05 -0.000431235 -9.81054	
6.49	-112433 -19.6202 0.000122466 -2.03462e-05 -0.000434382 -9.81054	
6.5	-133625 -19.6202 0.000142925 -2.00526e-05 -0.000437095 -9.81054	
6.51	-121483 -19.6202 0.000162519 -1.97565e-05 -0.000439353 -9.81055	
6.52	-110436 -19.6202 0.000181202 -1.9458e-05 -0.000441136 -9.81055	
6.53	-131809 -19.6202 0.000198934 -1.91571e-05 -0.000442428 -9.81055	
6.54	-119832 -19.6203 0.000215681 -1.88538e-05 -0.000443212 -9.81055	
6.55	-108935 -19.6203 0.000231411 -1.85483e-05 -0.000443475 -9.81055	
6.56	-99029.3 -19.6203 0.000246098 -1.82404e-05 -0.000443209 -9.81055	
6.57	-90024 -19.6203 0.000259722 -1.79304e-05 -0.000442403 -9.81055	
6.58	-81837.7 -19.6203 0.000272265 -1.76181e-05 -0.000441051 -9.81054	
6.59	-74395.8 -19.6203 0.000283715 -1.73038e-05 -0.000439148 -9.81054	
6.6	-67630.6 -19.6204 0.000294062 -1.69874e-05 -0.000436693 -9.81054	
6.61	-61480.6 -19.6204 0.000303303 -1.66689e-05 -0.000433684 -9.81053	
6.62	-55889.8 -19.6204 0.000311437 -1.63485e-05 -0.000430123 -9.81053	
6.63	-50807.5 -19.6204 0.000318468 -1.60262e-05 -0.000426012 -9.81052	
6.64	-46187.3 -19.6204 0.000324403 -1.57019e-05 -0.000421357 -9.81052	
6.65	-41987.3 -19.6204 0.000329251 -1.53759e-05 -0.000416163 -9.81051	
6.66	-38169.1 -19.6204 0.000333028 -1.5048e-05 -0.000410438 -9.8105	
6.67	-34698.2 -19.6204 0.000335749 -1.47185e-05 -0.000404192 -9.8105	
6.68	-31542.9 -19.6204 0.000337436 -1.43873e-05 -0.000397435 -9.81049	
6.69	-28674.6 -19.6204 0.00033811 -1.40544e-05 -0.00039018 -9.81048	
6.7	-26067 -19.6204 0.000337797 -1.372e-05 -0.000382439 -9.81047	
6.71	-23696.6 -19.6204 0.000336525 -1.3384e-05 -0.000374226 -9.81046	
6.72	-21541.8 -19.6204 0.000334324 -1.30466e-05 -0.000365558 -9.81045	
6.73	-19582.9 -19.6204 0.000331225 -1.27078e-05 -0.000356451 -9.81044	
6.74	-17802.1 -19.6204 0.000327264 -1.23676e-05 -0.000346921 -9.81042	
6.75	-16183.3 -19.6204 0.000322474 -1.20262e-05 -0.000336987 -9.81041	
6.76	-14711.6 -19.6204 0.000316895 -1.16834e-05 -0.000326667 -9.8104	
6.77	-13373.8 -19.6204 0.000310563 -1.13395e-05 -0.00031598 -9.81039	
6.78	-12157.7 -19.6204 0.000303519 -1.09944e-05 -0.000304947 -9.81037	
6.79	-11052.1 -19.6204 0.000295803 -1.06483e-05 -0.000293588 -9.81036	
6.8	-10047.1 -19.6203 0.000287456 -1.03011e-05 -0.000281923 -9.81034	
6.81	-9133.46 -19.6203 0.000278521 -9.95294e-06 -0.000269973 -9.81033	
6.82	-8302.91 -19.6203 0.000269039 -9.60385e-06 -0.000257759 -9.81031	
6.83	-7547.88 -19.6203 0.000259053 -9.25389e-06 -0.000245303 -9.8103	
6.84	-6861.51 -19.6203 0.000248607 -8.90312e-06 -0.000232626 -9.81028	
6.85	-6237.56 -19.6203 0.000237742 -8.55159e-06 -0.000219748 -9.81027	
6.86	-5670.35 -19.6203 0.000226502 -8.19935e-06 -0.000206692 -9.81025	
6.87	-5154.71 -19.6203 0.000214928 -7.84646e-06 -0.000193479 -9.81024	
6.88	-4685.97 -19.6202 0.000203063 -7.49298e-06 -0.000180128 -9.81022	
6.89	-4259.85 -19.6202 0.000190947 -7.13896e-06 -0.000166662 -9.8102	
6.9	-3872.48 -19.6202 0.000178622 -6.78446e-06 -0.000153099 -9.81019	
6.91	-3520.33 -19.6202 0.000166127 -6.42952e-06 -0.00013946 -9.81017	
6.92	-3200.21 -19.6202 0.000153501 -6.07421e-06 -0.000125765 -9.81015	
6.93	-2909.2 -19.6202 0.000140783 -5.71858e-06 -0.000112032 -9.81014	
6.94	-2644.65 -19.6202 0.000128008 -5.36268e-06 -9.82805e-05 -9.81012	
6.95	-2404.16 -19.6201 0.000115212 -5.00656e-06 -8.45276e-05 -9.8101	
6.96	-2185.54 -19.6201 0.00010243 -4.65029e-06 -7.07909e-05 -9.81009	
6.97	-1986.8 -19.6201 8.96957e-05 -4.29392e-06 -5.70873e-05 -9.81007	
6.98	-1806.13 -19.6201 7.70396e-05 -3.93749e-06 -4.34328e-05 -9.81005	
6.99	-1641.89 -19.6201 6.44924e-05 -3.58107e-06 -2.98429e-05 -9.81004	
7	-1492.58 -19.6201 5.20829e-05 -3.2247e-06 -1.63323e-05 -9.81002	
7.01	-1356.85 -19.62 3.98383e-05 -2.86845e-06 -2.91497e-06 -9.81	
7.02	-1233.47 -19.62 2.77843e-05 -2.51235e-06 1.03957e-05 -9.80999	
7.03	-1121.3 -19.62 1.59451e-05 -2.15647e-06 2.35873e-05 -9.80997	
7.04	-1019.34 -19.62 4.34316e-06 -1.80086e-06 3.66478e-05 -9.80996	
7.05	-926.642 -19.62 -7.00068e-06 -1.44557e-06 4.95664e-05 -9.80994	
7.06	-842.378 -19.62 -1.80671e-05 -1.09066e-06 6.23327e-05 -9.80992	
7.07	-765.776 -19.62 -2.88386e-05 -7.36163e-07 7.49373e-05 -9.80991	
7.08	-696.14 -19.62 -3.92992e-05 -3.82146e-07 8.73713e-05 -9.80989	
7.09	-632.837 -19.6199 -4.94344e-05 -2.86564e-08 9.96269e-05 -9.80988	
7.1	-575.289 -19.6199 -5.92315e-05 3.24255e-07 0.000111697 -9.80986	
7.11	-522.975 -19.6199 -6.86794e-05 6.76537e-07 0.000123574 -9.80985	
7.12	-475.419 -19.6199 -7.77685e-05 1.02814e-06 0.000135254 -9.80983	
7.13	-432.186 -19.6199 -8.64908e-05 1.37901e-06 0.000146731 -9.80982	
7.14	-392.885 -19.6199 -9.48396e-05 1.7291e-06 0.000158001 -9.80981	
7.15	-357.158 -19.6199 -0.00010281 2.07837e-06 0.00016906 -9.80979	
7.16	-324.68 -19.6199 -0.000110398 2.42675e-06 0.000179905 -9.80978	
7.17	-295.155 -19.6199 -0.000117602 2.77421e-06 0.000190533 -9.80977	
7.18	-268.315 -19.6198 -0.000124421 3.12069e-06 0.000200945 -9.80975	
7.19	-243.916 -19.6198 -0.000130854 3.46615e-06 0.000211137 -9.80974	
7.2	-221.735 -19.6198 -0.000136904 3.81053e-06 0.00022111 -9.80973	
7.21	-201.572 -19.6198 -0.000142574 4.15379e-06 0.000230865 -9.80972	
7.22	-183.242 -19.6198 -0.000147868 4.49589e-06 0.0002404 -9.80971	
7.23	-166.579 -19.6198 -0.000152789 4.83677e-06 0.000249718 -9.80969	
7.24	-151.431 -19.6198 -0.000157346 5.17638e-06 0.000258821 -9.80968	
7.25	-137.661 -19.6198 -0.000161543 5.51469e-06 0.00026771 -9.80967	
7.26	-125.142 -19.6198 -0.00016539 5.85165e-06 0.000276388 -9.80966	
7.27	-113.762 -19.6198 -0.000168895 6.1872e-06 0.000284858 -9.80965	
7.28	-103.417 -19.6198 -0.000172067 6.52131e-06 0.000293122 -9.80964	
7.29	-94.0132 -19.6198 -0.000174917 6.85393e-06 0.000301186 -9.80963	
7.3	-85.4641 -19.6198 -0.000177456 7.18501e-06 0.000309052 -9.80962	
7.31	-77.6924 -19.6198 -0.000179694 7.51451e-06 0.000316724 -9.80961	
7.32	-70.6274 -19.6198 -0.000181643 7.84238e-06 0.000324208 -9.8096	
7.33	-64.2049 -19.6198 -0.000183317 8.16859e-06 0.000331508 -9.80959	
7.34	-58.3664 -19.6198 -0.000184728 8.49309e-06 0.000338629 -9.80958	
7.35	-53.0589 -19.6198 -0.000185888 8.81583e-06 0.000345575 -9.80957	
7.36	-48.234 -19.6198 -0.000186812 9.13677e-06 0.000352352 -9.80957	
7.37	-43.8478 -19.6198 -0.000187512 9.45587e-06 0.000358966 -9.80956	
7.38	-39.8605 -19.6198 -0.000188002 9.77309e-06 0.000365421 -9.80955	
7.39	-36.2358 -19.6198 -0.000188297 1.00884e-05 0.000371723 -9.80954	
7.4	-32.9407 -19.6198 -0.00018841 1.04017e-05 0.000377878 -9.80953	
7.41	-29.9452 -19.6198 -0.000188354 1.0713e-05 0.00038389 -9.80953	
7.42	-27.2221 -19.6198 -0.000188145 1.10223e-05 0.000389766 -9.80952	
7.43	-24.7467 -19.6198 -0.000187795 1.13295e-05 0.000395511 -9.80951	
7.44	-22.4963 -19.6198 -0.000187318 1.16346e-05 0.00040113 -9.80951	
7.45	-20.4506 -19.6198 -0.000186728 1.19374e-05 0.000406629 -9.8095	
7.46	-18.5909 -19.6198 -0.000186037 1.22381e-05 0.000412013 -9.80949	
7.47	-16.9004 -19.6198 -0.000185259 1.25366e-05 0.000417286 -9.80948	
7.48	-15.3635 -19.6198 -0.000184406 1.28327e-05 0.000422454 -9.80948	
7.49	-13.9665 -19.6198 -0.00018349 1.31265e-05 0.000427523 -9.80947	
7.5	-12.6964 -19.6198 -0.000182524 1.3418e-05 0.000432495 -9.80947	
7.51	-11.5419 -19.6198 -0.000181519 1.37071e-05 0.000437377 -9.80946	
7.52	-10.4923 -19.6198 -0.000180487 1.39937e-05 0.000442172 -9.80945	
7.53	-9.53818 -19.6198 -0.000179436 1.42779e-05 0.000446885 -9.80945	
7.54	-8.67083 -19.6198 -0.000178379 1.45595e-05 0.000451519 -9.80944	
7.55	-7.88234 -19.6198 -0.000177325 1.48386e-05 0.000456078 -9.80944	
7.56	-7.16556 -19.6198 -0.000176283 1.51152e-05 0.000460567 -9.80943	
7.57	-6.51396 -19.6198 -0.000175262 1.53891e-05 0.000464987 -9.80942	
7.58	-5.92161 -19.6198 -0.000174269 1.56603e-05 0.000469343 -9.80942	
7.59	-5.38313 -19.6198 -0.000173314 1.59289e-05 0.000473637 -9.80941	
7.6	-4.89361 -19.6198 -0.000172402 1.61947e-05 0.000477872 -9.80941	
7.61	-4.44861 -19.6198 -0.000171541 1.64578e-05 0.00048205 -9.8094	
7.62	-4.04408 -19.6198 -0.000170737 1.67182e-05 0.000486173 -9.8094	
7.63	-3.67633 -19.6198 -0.000169994 1.69757e-05 0.000490244 -9.80939	
7.64	-3.34202 -19.6198 -0.000169319 1.72303e-05 0.000494263 -9.80939	
7.65	-3.03811 -19.6198 -0.000168715 1.74821e-05 0.000498233 -9.80938	
7.66	-2.76184 -19.6198 -0.000168187 1.77309e-05 0.000502155 -9.80938	
7.67	-2.51069 -19.6198 -0.000167738 1.79768e-05 0.000506029 -9.80937	
7.68	-2.28238 -19.6198 -0.000167371 1.82197e-05 0.000509857 -9.80937	
7.69	-2.07484 -19.6198 -0.000167087 1.84596e-05 0.000513639 -9.80936	
7.7	-1.88616 -19.6198 -0.00016689 1.86965e-05 0.000517375 -9.80936	
7.71	-1.71464 -19.6198 -0.00016678 1.89303e-05 0.000521065 -9.80935	
7.72	-1.55872 -19.6198 -0.000166758 1.9161e-05 0.00052471 -9.80935	
7.73	-1.41698 -19.6198 -0.000166824 1.93886e-05 0.000528309 -9.80935	
7.74	-1.28813 -19.6198 -0.000166979 1.9613e-05 0.000531861 -9.80934	
7.75	-1.17099 -19.6198 -0.000167222 1.98343e-05 0.000535366 -9.80934	
7.76	-1.06451 -19.6198 -0.000167552 2.00523e-05 0.000538823 -9.80933	
7.77	-0.967706 -19.6198 -0.000167969 2.02672e-05 0.000542231 -9.80933	
7.78	-0.879708 -19.6198 -0.000168469 2.04787e-05 0.000545589 -9.80932	
7.79	-0.799712 -19.6198 -0.000169052 2.0687e-05 0.000548896 -9.80932	
7.8	-0.726991 -19.6198 -0.000169714 2.08919e-05 0.000552149 -9.80932	
7.81	-0.660882 -19.6198 -0.000170454 2.10935e-05 0.000555348 -9.80931	
7.82	-0.600786 -19.6198 -0.000171269 2.12918e-05 0.000558491 -9.80931	
7.83	-0.546154 -19.6198 -0.000172154 2.14867e-05 0.000561576 -9.8093	
7.84	-0.49649 -19.6198 -0.000173107 2.16781e-05 0.000564601 -9.8093	
7.85	-0.451343 -19.6198 -0.000174124 2.18662e-05 0.000567564 -9.8093	
7.86	-0.410301 -19.6198 -0.000175201 2.20508e-05 0.000570463 -9.80929	
7.87	-0.372991 -19.6198 -0.000176334 2.22319e-05 0.000573295 -9.80929	
7.88	-0.339074 -19.6198 -0.000177518 2.24095e-05 0.000576059 -9.80929	
7.89	-0.308242 -19.6198 -0.00017875 2.25836e-05 0.000578753 -9.80928	
7.9	-0.280214 -19.6198 -0.000180025 2.27541e-05 0.000581374 -9.80928	
7.91	-0.254734 -19.6198 -0.000181337 2.29211e-05 0.000583919 -9.80928	
7.92	-0.231572 -19.6198 -0.000182683 2.30845e-05 0.000586386 -9.80927	
7.93	-0.210516 -19.6198 -0.000184058 2.32443e-05 0.000588774 -9.80927	
7.94	-0.191375 -19.6198 -0.000185456 2.34005e-05 0.000591079 -9.80927	
7.95	-0.173975 -19.6198 -0.000186874 2.35531e-05 0.000593299 -9.80926	
7.96	-0.158157 -19.6198 -0.000188305 2.3702e-05 0.000595432 -9.80926	
7.97	-0.143778 -19.6198 -0.000189745 2.38473e-05 0.000597475 -9.80926	
7.98	-0.130707 -19.6198 -0.00019119 2.39888e-05 0.000599426 -9.80926	
7.99	-0.118825 -19.6198 -0.000192634 2.41267e-05 0.000601283 -9.80925	
8	-0.108024 -19.6198 -0.000194073 2.42608e-05 0.000603043 -9.80925	
8.01	-0.0982051 -19.6198 -0.000195502 2.43912e-05 0.000604704 -9.80925	
8.02	-0.0892799 -19.6198 -0.000196916 2.45178e-05 0.000606264 -9.80925	
8.03	-0.0811667 -19.6198 -0.000198311 2.46407e-05 0.00060772 -9.80925	
8.04	-0.0737919 -19.6198 -0.000199682 2.47598e-05 0.000609071 -9.80924	
8.05	-0.0670883 -19.6197 -0.000201025 2.4875e-05 0.000610315 -9.80924	
8.06	-0.060995 -19.6197 -0.000202336 2.49864e-05 0.000611448 -9.80924	
8.07	-0.0554565 -19.6197 -0.000203611 2.5094e-05 0.00061247 -9.80924	
8.08	-0.0504225 -19.6197 -0.000204845 2.51977e-05 0.000613378 -9.80924	
8.09	-0.0458471 -19.6197 -0.000206035 2.52975e-05 0.00061417 -9.80924	
8.1	-0.0416888 -19.6197 -0.000207177 2.53934e-05 0.000614844 -9.80924	
8.11	-0.0379098 -19.6197 -0.000208267 2.54853e-05 0.000615398 -9.80924	
8.12	-0.0344756 -19.6197 -0.000209301 2.55732e-05 0.000615829 -9.80924	
8.13	-0.0313551 -19.6197 -0.000210276 2.56571e-05 0.000616136 -9.80924	
8.14	-0.0285199 -19.6197 -0.000211189 2.5737e-05 0.000616316 -9.80924	
8.15	-0.0259442 -19.6197 -0.000212035 2.58126e-05 0.000616366 -9.80924	
8.16	-0.0236047 -19.6197 -0.000212812 2.58841e-05 0.000616283 -9.80924	
8.17	-0.0214803 -19.6197 -0.000213515 2.59512e-05 0.000616065 -9.80924	
8.18	-0.0195516 -19.6197 -0.00021414 2.6014e-05 0.000615705 -9.80924	
8.19	-0.0178015 -19.6197 -0.000214682 2.60721e-05 0.000615199 -9.80924	
8.2	-0.0162144 -19.6197 -0.000215137 2.61254e-05 0.00061454 -9.80924	
8.21	-0.0147766 -19.6197 -0.000215495 2.61736e-05 0.000613717 -9.80924	
8.22	-0.0134762 -19.6197 -0.000215748 2.62162e-05 0.000612714 -9.80924	
8.23	-31415.9 -19.6197 -0.000215875 2.62521e-05 0.000611498 -9.80924	
8.24	-28568.2 -19.6197 -0.000215929 2.62841e-05 0.00061016 -9.80924	
8.25	-25970.4 -19.6197 -0.000215909 2.63123e-05 0.000608699 -9.80925	
8.26	-23608.7 -19.6197 -0.000215815 2.63366e-05 0.000607116 -9.80925	
8.27	-21461.9 -19.6197 -0.000215648 2.6357e-05 0.000605411 -9.80925	
8.28	-19510.2 -19.6197 -0.000215406 2.63736e-05 0.000603584 -9.80925	
8.29	-17736.1 -19.6197 -0.000215089 2.63863e-05 0.000601636 -9.80925	
8.3	-16123.2 -19.6197 -0.000214698 2.63952e-05 0.000599567 -9.80926	
8.31	-14657.1 -19.6197 -0.000214234 2.64002e-05 0.000597379 -9.80926	
8.32	-13324.2 -19.6197 -0.000213696 2.64014e-05 0.000595071 -9.80926	
8.33	-12112.6 -19.6197 -0.000213085 2.63987e-05 0.000592644 -9.80927	
8.34	-11011.1 -19.6197 -0.000212402 2.63922e-05 0.0005901 -9.80927	
8.35	-10009.8 -19.6197 -0.000211648 2.63819e-05 0.00058744 -9.80927	
8.36	-9099.59 -19.6197 -0.000210824 2.63678e-05 0.000584663 -9.80928	
8.37	-8272.11 -19.6197 -0.00020993 2.63498e-05 0.000581773 -9.80928	
8.38	-7519.89 -19.6197 -0.000208967 2.63281e-05 0.000578768 -9.80928	
8.39	-6836.07 -19.6197 -0.000207938 2.63025e-05 0.000575652 -9.80929	
8.4	-6214.43 -19.6197 -0.000206843 2.62732e-05 0.000572424 -9.80929	
8.41	-5649.32 -19.6197 -0.000205683 2.62401e-05 0.000569087 -9.80929	
8.42	-5135.6 -19.6197 -0.000204461 2.62032e-05 0.000565641 -9.8093	
8.43	-4668.59 -19.6197 -0.000203177 2.61626e-05 0.000562089 -9.8093	
8.44	-4244.05 -19.6198 -0.000201833 2.61182e-05 0.00055843 -9.80931	
8.45	-3858.12 -19.6198 -0.000200431 2.60702e-05 0.000554668 -9.80931	
8.46	-3507.28 -19.6198 -0.000198972 2.60183e-05 0.000550803 -9.80932	
8.47	-3188.34 -19.6198 -0.000197459 2.59628e-05 0.000546836 -9.80932	
8.48	-2898.41 -19.6198 -0.000195892 2.59036e-05 0.00054277 -9.80933	
8.49	-2634.84 -19.6198 -0.000194274 2.58407e-05 0.000538606 -9.80933	
8.5	-2395.24 -19.6198 -0.000192606 2.57742e-05 0.000534345 -9.80934	
8.51	-2177.43 -19.6198 -0.000190891 2.5704e-05 0.00052999 -9.80934	
8.52	-1979.43 -19.6198 -0.000189129 2.56302e-05 0.000525541 -9.80935	
8.53	-1799.43 -19.6198 -0.000187324 2.55527e-05 0.000521001 -9.80935	
8.54	-1635.8 -19.6198 -0.000185476 2.54717e-05 0.00051637 -9.80936	
8.55	-1487.04 -19.6198 -0.000183587 2.5387e-05 0.000511651 -9.80937	
8.56	-1351.82 -19.6198 -0.000181659 2.52988e-05 0.000506846 -9.80937	
8.57	-1228.89 -19.6198 -0.000179695 2.52071e-05 0.000501955 -9.80938	
8.58	-1117.14 -19.6198 -0.000177695 2.51118e-05 0.000496981 -9.80938	
8.59	-1015.56 -19.6198 -0.000175662 2.50131e-05 0.000491925 -9.80939	
8.6	-923.206 -19.6198 -0.000173596 2.49108e-05 0.00048679 -9.8094	
8.61	-839.254 -19.6198 -0.000171501 2.48051e-05 0.000481576 -9.8094	
8.62	-762.936 -19.6198 -0.000169377 2.46959e-05 0.000476285 -9.80941	
8.63	-693.558 -19.6198 -0.000167227 2.45832e-05 0.000470919 -9.80942	
8.64	-630.49 -19.6198 -0.00016505 2.44672e-05 0.000465479 -9.80942	
8.65	-573.156 -19.6198 -0.000162851 2.43478e-05 0.000459968 -9.80943	
8.66	-521.036 -19.6198 -0.000160628 2.4225e-05 0.000454386 -9.80944	
8.67	-31889.6 -19.6198 -0.000158385 2.40989e-05 0.000448736 -9.80944	
8.68	-28998.8 -19.6198 -0.000156122 2.39695e-05 0.000443018 -9.80945	
8.69	-26361.8 -19.6198 -0.000153842 2.38368e-05 0.000437235 -9.80946	
8.7	-55380.5 -19.6198 -0.000151544 2.37008e-05 0.000431389 -9.80946	
8.71	-50353.5 -19.6198 -0.00014923 2.35615e-05 0.000425479 -9.80947	
8.72	-45774.7 -19.6198 -0.000146902 2.34191e-05 0.000419509 -9.80948	
8.73	-73028.1 -19.6198 -0.000144561 2.32734e-05 0.00041348 -9.80949	
8.74	-66396.3 -19.6198 -0.000142207 2.31246e-05 0.000407392 -9.80949	
8.75	-60358.6 -19.6198 -0.000139842 2.29726e-05 0.000401248 -9.8095	
8.76	-86285.8 -19.6198 -0.000137467 2.28175e-05 0.000395049 -9.80951	
8.77	-78448.4 -19.6198 -0.000135082 2.26593e-05 0.000388797 -9.80952	
8.78	-71314.8 -19.6198 -0.000132688 2.24981e-05 0.000382492 -9.80952	
8.79	-96245.7 -19.6198 -0.000130287 2.23338e-05 0.000376136 -9.80953	
8.8	-87502.6 -19.6198 -0.000127879 2.21665e-05 0.000369732 -9.80954	
8.81	-110962 -19.6198 -0.000125464 2.19962e-05 0.000363279 -9.80955	
8.82	-100880 -19.6198 -0.000123044 2.1823e-05 0.000356779 -9.80956	
8.83	-91706.7 -19.6199 -0.000120618 2.16469e-05 0.000350234 -9.80956	
8.84	-114783 -19.6199 -0.000118188 2.14679e-05 0.000343645 -9.80957	
8.85	-104355 -19.6199 -0.000115754 2.1286e-05 0.000337014 -9.80958	
8.86	-94865.1 -19.6199 -0.000113316 2.11013e-05 0.00033034 -9.80959	
8.87	-117654 -19.6199 -0.000110875 2.09137e-05 0.000323627 -9.8096	
8.88	-106965 -19.6199 -0.000108432 2.07234e-05 0.000316874 -9.80961	
8.89	-97237.8 -19.6199 -0.000105985 2.05304e-05 0.000310084 -9.80961	
8.9	-119811 -19.6199 -0.000103537 2.03347e-05 0.000303257 -9.80962	
8.91	-108925 -19.6199 -0.000101087 2.01363e-05 0.000296395 -9.80963	
8.92	-99020.2 -19.6199 -9.86347e-05 1.99352e-05 0.000289499 -9.80964	
8.93	-121432 -19.6199 -9.61811e-05 1.97316e-05 0.00028257 -9.80965	
8.94	-110398 -19.6199 -9.37262e-05 1.95254e-05 0.000275609 -9.80966	
8.95	-131775 -19.6199 -9.12701e-05 1.93166e-05 0.000268618 -9.80967	
8.96	-119801 -19.6199 -8.88128e-05 1.91053e-05 0.000261597 -9.80967	
8.97	-108907 -19.6199 -8.63546e-05 1.88916e-05 0.000254548 -9.80968	
8.98	-130420 -19.6199 -8.38954e-05 1.86754e-05 0.000247471 -9.80969	
8.99	-118569 -19.5242 0.348901 -0.00207722 -0.228547 -9.74853	
9	-107788 -19.0039 2.06998 -0.0141023 -1.38889 -9.40923	
9.01	-129406 -17.419 6.40102 -0.0626543 -4.4023 -8.36482	
9.02	-117652 -15.2533 11.3832 -0.089394 -8.14116 -6.81023	
9.03	-138376 -11.5068 17.0757 0.0566773 -12.4151 -4.0268	
9.04	-125809 -7.59696 22.9209 0.327444 -16.8939 -0.85548	
9.05	-114372 -7.52841 30.5854 0.21327 -23.2026 -0.164175	
9.06	-135389 -8.1871 34.0382 -0.00511776 -27.1703 -0.252617	
9.07	-123088 -8.58498 34.7561 -0.161314 -29.0231 -0.379695	
9.08	-143313 -8.78574 35.5363 -0.278994 -30.438 -0.484859	
9.09	-130292 -8.81133 36.4861 -0.376182 -31.6721 -0.524532	
9.1	-118447 -8.44177 38.7418 -0.455138 -33.6133 -0.313502	
9.11	-139096 -7.81019 41.4047 -0.529826 -35.8517 0.105629	
9.12	-126457 -8.80942 37.8481 -0.565191 -33.9652 -0.553875	
9.13	-146382 -8.6044 38.0773 -0.351036 -34.7104 -0.445277	
9.14	-133079 -10.2245 32.3017 0.225161 -33.5961 -0.901281	
9.15	-120974 -9.29805 34.3975 -0.650809 -25.244 -2.81158	
9.16	-141389 -10.6317 39.1391 -1.82325 -25.4612 -4.34733	
9.17	-128540 -19.6116 16.8522 0.180101 -28.0911 -5.77168	
9.18	-148268 -13.3971 45.1264 2.08909 -25.4585 -7.67169	
9.19	-134799 -20.0574 14.648 -0.09936 -31.9695 -5.6676	
9.2	-122540 -21.5429 12.9371 -0.265056 -32.787 -6.28476	
9.21	-142821 -10.5329 74.6922 -7.66428 -29.0489 -5.43752	
9.22	-129847 -8.68213 92.8564 -10.2399 -31.7211 -4.24448	
9.23	-118038 -26.3388 29.4212 -6.5585 -33.2247 -4.98841	
9.24	-138718 4.67352 61.3361 -5.37423 -34.2989 -10.4111	
9.25	-126113 24.1567 42.8117 1.46233 -30.3746 -11.6832	
9.26	-146069 -5.50537 85.1548 -9.4701 -24.2793 -12.0341	
9.27	-132672 -0.118677 26.5592 13.6886 -44.6892 -0.104804	
9.28	-120671 14.7837 116.334 -2.32625 -35.5752 -3.67838	
9.29	-141101 -1.82091 89.1111 -3.90373 -39.8819 2.99383	
9.3	-128304 -50.1012 -1.51941 -7.70449 -25.4702 2.35138	
9.31	-116653 7.28256 -8.72572 14.3167 -11.943 4.83579	
9.32	-137442 -6.72151 -17.2624 -3.76653 -6.39957 -6.63669	
9.33	-124983 -3.92951 -18.0904 -11.0687 0.716093 -5.3254	
9.34	-145063 -98.1297 72.1226 -28.2523 -0.029277 -21.0011	
9.35	-131862 -67.1476 39.858 9.05043 3.75676 -4.34545	
9.36	-119827 15.5337 -3.28016 -2.50814 7.41037 -6.22409	
9.37	-140352 -80.8474 -30.0876 17.7742 5.95784 -6.33634	
9.38	-127528 -15.3041 -113.124 -11.6662 16.5986 -14.7154	
9.39	-147385 -23.795 -100.071 -11.0234 8.19961 -14.0883	
9.4	-134014 -45.0215 -106.648 -3.91035 7.81293 -10.3186	
9.41	-121834 -27.1977 -38.434 -1.56264 6.34373 -9.41934	
9.42	-142176 -18.9345 -7.16423 -0.985682 4.53517 -9.07569	
9.43	-129259 -17.8784 -2.80506 -0.83864 3.59484 -8.99326	
9.44	-148921 -18.0454 -2.54468 -0.734874 3.26302 -9.0886	
9.45	-135387 -18.1945 -2.30418 -0.644592 2.94945 -9.16804	
9.46	-123076 -18.3282 -2.0837 -0.565864 2.65796 -9.23545	
9.47	-143300 -18.4485 -1.88256 -0.497083 2.39001 -9.29355	
9.48	-130278 -18.5571 -1.69973 -0.4369 2.14562 -9.34426	
9.49	-118431 -18.6552 -1.53396 -0.384174 1.92397 -9.38898	
9.5	-139078 -18.744 -1.38394 -0.337931 1.72376 -9.42873	
9.51	-126440 -18.8245 -1.24834 -0.297341 1.54344 -9.46426	
9.52	-146358 -18.8975 -1.1259 -0.261688 1.38139 -9.49618	
9.53	-133058 -18.9637 -1.0154 -0.230353 1.23599 -9.52496	
9.54	-120958 -19.0238 -0.915743 -0.202801 1.10567 -9.55097	
9.55	-141375 -19.0783 -0.825879 -0.178566 0.988963 -9.57452	
9.56	-128528 -19.1279 -0.744865 -0.157242 0.884514 -9.59587	
9.57	-116840 -19.1729 -0.671838 -0.138476 0.791072 -9.61525	
9.58	-137631 -19.2138 -0.606013 -0.121956 0.707503 -9.63286	
9.59	-125125 -19.2509 -0.546683 -0.107413 0.632778 -9.64887	
9.6	-145163 -19.2846 -0.493203 -0.0946065 0.56597 -9.66342	
9.61	-131971 -19.3153 -0.445009 -0.0832597 0.506286 -9.67665	
9.62	-119970 -19.3431 -0.401571 -0.0732239 0.452956 -9.68869	
9.63	-140477 -19.3684 -0.362414 -0.0643609 0.405292 -9.69964	
9.64	-127712 -19.3914 -0.327111 -0.0565435 0.362687 -9.70961	
9.65	-116098 -19.4123 -0.295278 -0.0496552 0.324596 -9.71867	
9.66	-136957 -19.4313 -0.266571 -0.0435909 0.290537 -9.72692	
9.67	-124512 -19.4486 -0.240679 -0.0382559 0.260079 -9.73443	
9.68	-113189 -19.4642 -0.217324 -0.0335652 0.232837 -9.74126	
9.69	-134312 -19.4785 -0.196254 -0.0294432 0.20847 -9.74748	
9.7	-122108 -19.4914 -0.177245 -0.0258224 0.186671 -9.75313	
9.71	-142420 -19.5032 -0.160092 -0.0226431 0.167169 -9.75827	
9.72	-129478 -19.5139 -0.144612 -0.0198522 0.149718 -9.76295	
9.73	-117704 -19.5236 -0.130641 -0.017403 0.134102 -9.76721	
9.74	-138416 -19.5324 -0.118031 -0.0152542 0.120127 -9.77108	
9.75	-125838 -19.5404 -0.106648 -0.0133693 0.107618 -9.77461	
9.76	-114395 -19.5477 -0.0963708 -0.0117161 0.0964219 -9.77781	
9.77	-135409 -19.5543 -0.0870918 -0.0102665 0.0863988 -9.78073	
9.78	-123104 -19.5603 -0.0787131 -0.00899544 0.0774253 -9.78338	
9.79	-111910 -19.5658 -0.0711465 -0.00788114 0.0693907 -9.78579	
9.8	-133149 -19.5707 -0.0643127 -0.00690437 0.062196 -9.78799	
9.81	-121050 -19.5752 -0.0581402 -0.00604824 0.055753 -9.78998	
9.82	-141459 -19.5793 -0.0525644 -0.00529792 0.0499825 -9.7918	
9.83	-128604 -19.583 -0.0475273 -0.00464039 0.0448138 -9.79345	
9.84	-116909 -19.5864 -0.0429763 -0.00406421 0.0401837 -9.79495	
9.85	-137694 -19.5895 -0.0388641 -0.00355936 0.0360357 -9.79632	
9.86	-125182 -19.5923 -0.0351482 -0.00311704 0.0323193 -9.79756	
9.87	-113799 -19.5948 -0.03179 -0.00272954 0.0289892 -9.79869	
9.88	-134866 -19.5971 -0.0287549 -0.00239007 0.0260049 -9.79972	
9.89	-122611 -19.5992 -0.0260115 -0.00209271 0.0233303 -9.80065	
9.9	-142878 -19.6011 -0.0235316 -0.00183224 0.0209331 -9.8015	
9.91	-129894 -19.6028 -0.0212897 -0.00160411 0.0187841 -9.80227	
9.92	-118082 -19.6044 -0.0192628 -0.0014043 0.0168576 -9.80297	
9.93	-138760 -19.6058 -0.0174301 -0.00122932 0.0151304 -9.80361	
9.94	-126151 -19.6071 -0.0157728 -0.00107609 0.0135815 -9.80419	
9.95	-114680 -19.6083 -0.0142742 -0.000941902 0.0121926 -9.80472	
9.96	-135667 -19.6094 -0.0129188 -0.000824407 0.0109469 -9.8052	
9.97	-123339 -19.6103 -0.0117363 -0.000709859 0.00979546 -9.80561	
9.98	-112123 -19.6112 -0.010555 -0.000595394 0.008645 -9.80601	
9.99	-133343 -19.612 -0.00952068 -0.000501819 0.00766955 -9.80637	
10	-121227 -19.6127 -0.00859793 -0.000424837 0.00682755 -9.8067	
10.01	-110203 -19.6134 -0.00777093 -0.000361116 0.00609368 -9.807	
10.02	-131598 -19.6139 -0.00706795 -0.000299868 0.00542931 -9.80724	
10.03	-119640 -19.6145 -0.00636506 -0.000238677 0.00476527 -9.80749	
10.04	-140176 -19.615 -0.00573885 -0.000191193 0.00420745 -9.80772	
10.05	-127438 -19.6155 -0.00518131 -0.000154149 0.00373327 -9.80792	
10.06	-115850 -19.6159 -0.00462559 -0.000117144 0.00326012 -9.80813	
10.07	-136731 -19.6162 -0.00419307 -8.17871e-05 0.0028527 -9.80828	
10.08	-124306 -19.6166 -0.00376059 -4.64772e-05 0.00244556 -9.80843	
10.09	-113003 -19.6169 -0.00332938 -1.12193e-05 0.00203928 -9.80858	
10.1	-134143 -19.6172 -0.00298202 1.21044e-05 0.00173757 -9.80871	
10.11	-121953 -19.6175 -0.00263591 3.53874e-05 0.00143665 -9.80884	
10.12	-110864 -19.6177 -0.0024077 5.62205e-05 0.0012037 -9.80891	
10.13	-132198 -19.6178 -0.00217805 7.70099e-05 0.000970307 -9.80899	
10.14	-120186 -19.618 -0.00194762 9.77526e-05 0.000736814 -9.80907	
10.15	-109257 -19.6182 -0.00171707 0.000118446 0.000503546 -9.80915	
10.16	-99321.4 -19.6184 -0.00148704 0.000139086 0.000270818 -9.80922	
10.17	-121706 -19.6185 -0.00125814 0.00015967 3.89354e-05 -9.8093	
10.18	-110647 -19.6187 -0.00109738 0.000167965 -9.00925e-05 -9.80936	
10.19	-100586 -19.6188 -0.000937303 0.000176221 -0.000218592 -9.80942	
10.2	-122855 -19.6189 -0.000778357 0.000184437 -0.000346341 -9.80948	
10.21	-111692 -19.6191 -0.000620978 0.00019261 -0.000473129 -9.80954	
10.22	-101535 -19.6191 -0.000582532 0.0001981 -0.000529621 -9.80955	
10.23	-123718 -19.6192 -0.00044277 0.000201703 -0.000622832 -9.80961	
10.24	-112477 -19.6192 -0.000405246 0.000203548 -0.000658817 -9.80962	
10.25	-102249 -19.6193 -0.000366318 0.000205358 -0.000695268 -9.80964	
10.26	-124367 -19.6193 -0.000326151 0.000207134 -0.000732104 -9.80965	
10.27	-113066 -19.6193 -0.000284909 0.000208875 -0.000769246 -9.80967	
10.28	-102785 -19.6194 -0.000242752 0.00021058 -0.000806616 -9.80968	
10.29	-124854 -19.6194 -0.000199841 0.000212251 -0.000844138 -9.8097	
10.3	-113509 -19.6194 -0.00015633 0.000213886 -0.000881736 -9.80971	
10.31	-103187 -19.6195 -0.000112372 0.000215485 -0.000919338 -9.80973	
10.32	-125220 -19.6195 -6.81146e-05 0.000217048 -0.000956872 -9.80975	
10.33	-113842 -19.6196 -2.37024e-05 0.000218575 -0.000994267 -9.80976	
10.34	-134906 -19.6196 2.07255e-05 0.000220066 -0.00103146 -9.80978	
10.35	-122647 -19.6196 6.50346e-05 0.000221521 -0.00106838 -9.8098	
10.36	-111494 -19.6197 0.000109096 0.000222939 -0.00110496 -9.80981	
10.37	-132772 -19.6197 0.000152785 0.000224321 -0.00114116 -9.80983	
10.38	-120707 -19.6197 0.000195983 0.000225666 -0.0011769 -9.80985	
10.39	-109730 -19.6198 0.00023858 0.000226974 -0.00121214 -9.80986	
10.4	-131168 -19.6198 0.000280467 0.000228244 -0.00124682 -9.80988	
10.41	-119249 -19.6198 0.000321545 0.000229478 -0.0012809 -9.80989	
10.42	-108405 -19.6199 0.000361719 0.000230674 -0.00131432 -9.80991	
10.43	-129963 -19.6199 0.000400903 0.000231833 -0.00134705 -9.80992	
10.44	-118154 -19.6199 0.000439015 0.000232954 -0.00137905 -9.80994	
10.45	-107410 -19.62 0.000475979 0.000234037 -0.00141027 -9.80995	
10.46	-129059 -19.62 0.000511728 0.000235083 -0.00144069 -9.80997	
10.47	-117332 -19.62 0.000546199 0.000236091 -0.00147028 -9.80998	
10.48	-106662 -19.6201 0.000579337 0.00023706 -0.001499 -9.80999	
10.49	-96962.8 -19.6201 0.000611092 0.000237992 -0.00152683 -9.81	
10.5	-88145.4 -19.6201 0.000641423 0.000238886 -0.00155375 -9.81001	
10.51	-80129.9 -19.6201 0.000670291 0.000239741 -0.00157974 -9.81002	
10.52	-72843.3 -19.6201 0.000697666 0.000240558 -0.00160479 -9.81003	
10.53	-66219.3 -19.6202 0.000723523 0.000241337 -0.00162888 -9.81004	
10.54	-60197.6 -19.6202 0.000747843 0.000242078 -0.00165199 -9.81005	
10.55	-54723.5 -19.6202 0.000770614 0.00024278 -0.00167414 -9.81006	
10.56	-49747.2 -19.6202 0.000791826 0.000243443 -0.0016953 -9.81007	
10.57	-45223.5 -19.6202 0.000811478 0.000244068 -0.00171547 -9.81007	
10.58	-41111.1 -19.6203 0.000829572 0.000244655 -0.00173466 -9.81008	
10.59	-37372.6 -19.6203 0.000846115 0.000245202 -0.00175287 -9.81008	
10.6	-33974.1 -19.6203 0.000861119 0.000245712 -0.0017701 -9.81009	
10.61	-30884.7 -19.6203 0.000874602 0.000246182 -0.00178635 -9.81009	
10.62	-28076.2 -19.6203 0.000886584 0.000246614 -0.00180165 -9.8101	
10.63	-25523.1 -19.6203 0.000897089 0.000247007 -0.00181598 -9.8101	
10.64	-23202.1 -19.6203 0.000906146 0.000247362 -0.00182938 -9.8101	
10.65	-21092.2 -19.6203 0.000913788 0.000247678 -0.00184185 -9.8101	
10.66	-19174.2 -19.6203 0.00092005 0.000247955 -0.00185341 -9.8101	
10.67	-17430.6 -19.6203 0.00092497 0.000248194 -0.00186407 -9.8101	
10.68	-15845.6 -19.6203 0.000928589 0.000248394 -0.00187385 -9.8101	
10.69	-14404.6 -19.6203 0.000930952 0.000248556 -0.00188278 -9.8101	
10.7	-13094.7 -19.6203 0.000932104 0.000248679 -0.00189087 -9.8101	
10.71	-11904 -19.6203 0.000932092 0.000248763 -0.00189814 -9.8101	
10.72	-10821.5 -19.6203 0.000930968 0.000248809 -0.00190462 -9.8101	
10.73	-9837.43 -19.6203 0.000928783 0.000248817 -0.00191033 -9.8101	
10.74	-8942.86 -19.6203 0.000925589 0.000248786 -0.00191529 -9.81009	
10.75	-8129.64 -19.6203 0.00092144 0.000248717 -0.00191953 -9.81009	
10.76	-7390.37 -19.6203 0.00091639 0.00024861 -0.00192308 -9.81009	
10.77	-6718.33 -19.6203 0.000910496 0.000248465 -0.00192595 -9.81008	
10.78	-6107.4 -19.6203 0.000903813 0.000248282 -0.00192818 -9.81008	
10.79	-5552.02 -19.6202 0.000896397 0.00024806 -0.00192978 -9.81007	
10.8	-5047.15 -19.6202 0.000888304 0.000247801 -0.00193079 -9.81007	
10.81	-4588.18 -19.6202 0.000879589 0.000247504 -0.00193123 -9.81006	
10.82	-4170.96 -19.6202 0.000870309 0.00024717 -0.00193113 -9.81006	
10.83	-3791.67 -19.6202 0.000860518 0.000246797 -0.00193051 -9.81005	
10.84	-3446.87 -19.6202 0.00085027 0.000246388 -0.0019294 -9.81005	
10.85	-3133.43 -19.6202 0.000839619 0.000245941 -0.00192781 -9.81004	
10.86	-2848.49 -19.6202 0.000828617 0.000245457 -0.00192578 -9.81004	
10.87	-2589.46 -19.6202 0.000817315 0.000244935 -0.00192334 -9.81003	
10.88	-2353.99 -19.6201 0.000805764 0.000244377 -0.00192049 -9.81002	
10.89	-2139.93 -19.6201 0.000794011 0.000243782 -0.00191727 -9.81002	
10.9	-1945.34 -19.6201 0.000782104 0.000243151 -0.00191369 -9.81001	
10.91	-1768.44 -19.6201 0.000770087 0.000242482 -0.00190979 -9.81001	
10.92	-1607.62 -19.6201 0.000758006 0.000241778 -0.00190557 -9.81	
10.93	-1461.43 -19.6201 0.0007459 0.000241037 -0.00190107 -9.80999	
10.94	-1328.54 -19.6201 0.000733811 0.000240261 -0.00189628 -9.80999	
10.95	-1207.73 -19.6201 0.000721776 0.000239448 -0.00189125 -9.80998	
10.96	-1097.9 -19.62 0.000709831 0.0002386 -0.00188598 -9.80998	
10.97	-998.064 -19.62 0.00069801 0.000237716 -0.00188049 -9.80997	
10.98	-907.305 -19.62 0.000686346 0.000236798 -0.00187479 -9.80997	
10.99	-824.799 -19.62 0.000674866 0.000235844 -0.0018689 -9.80996	
11	-749.796 -19.62 0.000663601 0.000234855 -0.00186283 -9.80996	
11.01	-681.613 -19.62 0.000652574 0.000233831 -0.0018566 -9.80995	
11.02	-619.631 -19.62 0.000641809 0.000232774 -0.00185021 -9.80995	
11.03	-563.284 -19.62 0.000631327 0.000231681 -0.00184369 -9.80994	
11.04	-512.062 -19.62 0.000621147 0.000230555 -0.00183702 -9.80994	
11.05	-465.498 -19.62 0.000611286 0.000229395 -0.00183024 -9.80993	
11.06	-423.168 -19.6199 0.00060176 0.000228202 -0.00182333 -9.80993	
11.07	-384.687 -19.6199 0.000592579 0.000226975 -0.00181632 -9.80993	
11.08	-349.705 -19.6199 0.000583756 0.000225715 -0.0018092 -9.80992	
11.09	-317.905 -19.6199 0.000575299 0.000224423 -0.00180199 -9.80992	
11.1	-288.996 -19.6199 0.000567215 0.000223098 -0.00179468 -9.80992	
11.11	-262.716 -19.6199 0.000559508 0.00022174 -0.00178728 -9.80992	
11.12	-238.826 -19.6199 0.000552182 0.00022035 -0.00177979 -9.80991	
11.13	-217.108 -19.6199 0.000545238 0.000218929 -0.00177221 -9.80991	
11.14	-197.366 -19.6199 0.000538675 0.000217476 -0.00176455 -9.80991	
11.15	-179.418 -19.6199 0.000532491 0.000215992 -0.0017568 -9.80991	
11.16	-163.103 -19.6199 0.000526683 0.000214477 -0.00174897 -9.80991	
11.17	-148.271 -19.6199 0.000521246 0.000212931 -0.00174105 -9.8099	
11.18	-134.788 -19.6199 0.000516173 0.000211355 -0.00173304 -9.8099	
11.19	-122.531 -19.6199 0.000511456 0.000209749 -0.00172494 -9.8099	
11.2	-111.389 -19.6199 0.000507086 0.000208113 -0.00171675 -9.8099	
11.21	-101.259 -19.6199 0.000503053 0.000206448 -0.00170847 -9.8099	
11.22	-92.0514 -19.6199 0.000499346 0.000204753 -0.00170008 -9.8099	
11.23	-83.6807 -19.6199 0.000495951 0.00020303 -0.00169159 -9.8099	
11.24	-76.0711 -19.6199 0.000492856 0.000201278 -0.001683 -9.8099	
11.25	-69.1536 -19.6199 0.000490047 0.000199497 -0.00167429 -9.8099	
11.26	-62.8651 -19.6199 0.000487508 0.000197689 -0.00166546 -9.8099	
11.27	-57.1485 -19.6199 0.000485224 0.000195853 -0.00165651 -9.8099	
11.28	-51.9517 -19.6199 0.000483179 0.00019399 -0.00164742 -9.8099	
11.29	-47.2274 -19.6199 0.000481357 0.0001921 -0.00163821 -9.8099	
11.3	-42.9328 -19.6199 0.000479739 0.000190184 -0.00162885 -9.80991	
11.31	-39.0287 -19.6199 0.000478309 0.000188241 -0.00161935 -9.80991	
11.32	-35.4796 -19.6199 0.000477049 0.000186272 -0.00160969 -9.80991	
11.33	-32.2533 -19.6199 0.000475941 0.000184278 -0.00159987 -9.80991	
11.34	-29.3203 -19.6199 0.000474967 0.000182258 -0.00158989 -9.80991	
11.35	-26.6541 -19.6199 0.000474109 0.000180214 -0.00157973 -9.80991	
11.36	-24.2303 -19.6199 0.000473348 0.000178145 -0.0015694 -9.80992	
11.37	-22.0269 -19.6199 0.000472667 0.000176052 -0.00155888 -9.80992	
11.38	-20.0239 -19.6199 0.000472048 0.000173936 -0.00154818 -9.80992	
11.39	-18.203 -19.6199 0.000471473 0.000171795 -0.00153727 -9.80992	
11.4	-16.5477 -19.6199 0.000470925 0.000169632 -0.00152616 -9.80992	
11.41	-15.0429 -19.6199 0.000470386 0.000167446 -0.00151485 -9.80993	
11.42	-13.675 -19.6199 0.000469841 0.000165238 -0.00150332 -9.80993	
11.43	-12.4315 -19.6199 0.000469272 0.000163008 -0.00149158 -9.80993	
11.44	-11.301 -19.6199 0.000468663 0.000160757 -0.00147961 -9.80993	
11.45	-10.2734 -19.6199 0.000468 0.000158484 -0.00146741 -9.80994	
11.46	-9.33914 -19.6199 0.000467268 0.000156191 -0.00145498 -9.80994	
11.47	-8.48989 -19.6199 0.000466451 0.000153877 -0.00144232 -9.80994	
11.48	-7.71786 -19.6199 0.000465537 0.000151543 -0.00142941 -9.80994	
11.49	-7.01603 -19.62 0.000464513 0.00014919 -0.00141626 -9.80995	
11.5	-6.37803 -19.62 0.000463366 0.000146817 -0.00140287 -9.80995	
11.51	-5.79804 -19.62 0.000462084 0.000144426 -0.00138922 -9.80995	
11.52	-5.2708 -19.62 0.000460656 0.000142016 -0.00137532 -9.80995	
11.53	-4.7915 -19.62 0.000459072 0.000139589 -0.00136117 -9.80995	
11.54	-4.35578 -19.62 0.000457323 0.000137144 -0.00134676 -9.80996	
11.55	-3.95969 -19.62 0.000455399 0.000134681 -0.0013321 -9.80996	
11.56	-3.59961 -19.62 0.000453293 0.000132202 -0.00131718 -9.80996	
11.57	-3.27228 -19.62 0.000450997 0.000129707 -0.001302 -9.80996	
11.58	-2.97472 -19.62 0.000448504 0.000127195 -0.00128656 -9.80997	
11.59	-2.70421 -19.62 0.000445809 0.000124668 -0.00127086 -9.80997	
11.6	-2.4583 -19.62 0.000442906 0.000122126 -0.0012549 -9.80997	
11.61	-2.23476 -19.62 0.000439792 0.00011957 -0.00123869 -9.80997	
11.62	-2.03154 -19.62 0.000436461 0.000116999 -0.00122222 -9.80997	
11.63	-1.8468 -19.62 0.000432912 0.000114414 -0.0012055 -9.80997	
11.64	-1.67886 -19.62 0.000429143 0.000111816 -0.00118852 -9.80998	
11.65	-1.52619 -19.62 0.00042515 0.000109204 -0.0011713 -9.80998	
11.66	-1.38741 -19.62 0.000420935 0.000106581 -0.00115382 -9.80998	
11.67	-1.26125 -19.62 0.000416495 0.000103945 -0.0011361 -9.80998	
11.68	-1.14656 -19.62 0.000411833 0.000101297 -0.00111814 -9.80998	
11.69	-1.04229 -19.62 0.000406948 9.8638e-05 -0.00109995 -9.80998	
11.7	-0.947513 -19.62 0.000401843 9.59682e-05 -0.00108152 -9.80998	
11.71	-0.861351 -19.62 0.000396519 9.3288e-05 -0.00106285 -9.80999	
11.72	-0.783024 -19.62 0.00039098 9.05977e-05 -0.00104397 -9.80999	
11.73	-0.71182 -19.62 0.000385228 8.78979e-05 -0.00102486 -9.80999	
11.74	-0.647091 -19.62 0.000379267 8.5189e-05 -0.00100554 -9.80999	
11.75	-0.588248 -19.62 0.000373102 8.24713e-05 -0.000986002 -9.80999	
11.76	-0.534756 -19.62 0.000366736 7.97454e-05 -0.000966263 -9.80999	
11.77	-0.486129 -19.62 0.000360176 7.70117e-05 -0.000946323 -9.80999	
11.78	-0.441923 -19.62 0.000353426 7.42705e-05 -0.00092619 -9.80999	
11.79	-0.401737 -19.62 0.000346492 7.15224e-05 -0.000905869 -9.80999	
11.8	-0.365206 -19.62 0.000339381 6.87678e-05 -0.000885365 -9.80999	
11.81	-0.331996 -19.62 0.000332098 6.60071e-05 -0.000864686 -9.80999	
11.82	-0.301807 -19.62 0.00032465 6.32407e-05 -0.000843837 -9.80999	
11.83	-0.274362 -19.62 0.000317045 6.04691e-05 -0.000822825 -9.80999	
11.84	-0.249414 -19.62 0.000309289 5.76927e-05 -0.000801657 -9.81	
